-0.6586988279595971,-0.6515743330400436,0
-0.6515743330400436,-0.6444498381204904,0
-0.6444498381204904,-0.6373253432009369,0
-0.6373253432009369,-0.6302008482813835,0
-0.6302008482813835,-0.6230763533618302,0
-0.43783948545344176,-0.4307149905338883,1
-0.4307149905338883,-0.423590495614335,1
-0.423590495614335,-0.41646600069478157,1
-0.41646600069478157,-0.4093415057752281,1
-0.4093415057752281,-0.4022170108556747,1
-0.4022170108556747,-0.3950925159361214,1
-0.3950925159361214,-0.3879680210165679,1
-0.3879680210165679,-0.3808435260970145,1
-0.3808435260970145,-0.3737190311774612,1
-0.3737190311774612,-0.3665945362579077,1
-0.3665945362579077,-0.3594700413383543,1
-0.3594700413383543,-0.35234554641880095,1
0.9443125289399177,0.9514370238594712,2
0.9514370238594712,0.9585615187790244,2
0.9585615187790244,0.9656860136985779,2
-0.031743275038897956,-0.024618780119344597,3
-0.024618780119344597,-0.017494285199791237,3
-0.017494285199791237,-0.010369790280237767,3
-0.010369790280237767,-0.003245295360684408,3
-0.003245295360684408,0.003879199558868951,3
0.003879199558868951,0.011003694478422421,3
0.011003694478422421,0.01812818939797578,3
0.01812818939797578,0.02525268431752925,3
0.02525268431752925,0.03237717923708261,3
0.03237717923708261,0.03950167415663597,3
