-0.5126543506979941,-0.5063950370531529,0
-0.5063950370531529,-0.5001357234083115,0
-0.5001357234083115,-0.49387640976347025,0
-0.49387640976347025,-0.487617096118629,0
-0.487617096118629,-0.4813577824737876,0
0.8518760238774121,0.8581353375222533,1
0.8581353375222533,0.8643946511670946,1
0.8643946511670946,0.870653964811936,1
0.870653964811936,0.8769132784567772,1
0.8769132784567772,0.8831725921016187,1
0.8831725921016187,0.8894319057464599,1
-0.011909259110689185,-0.00564994546584785,2
-0.00564994546584785,0.0006093681789934857,2
0.0006093681789934857,0.006868681823834821,2
0.006868681823834821,0.013127995468676046,2
0.013127995468676046,0.01938730911351738,2
0.01938730911351738,0.025646622758358717,2
0.025646622758358717,0.03190593640320005,2
0.03190593640320005,0.03816525004804139,2
0.03816525004804139,0.04442456369288261,2
