-1.0099671459197999,-1.0046950247697533,0
-1.0046950247697533,-0.9994229036197066,0
-0.9994229036197066,-0.99415078246966,0
-0.99415078246966,-0.9888786613196134,0
0.17098799169063567,0.17626011284068227,1
0.17626011284068227,0.18153223399072888,1
0.18153223399072888,0.18680435514077545,1
0.18680435514077545,0.192076476290822,1
0.192076476290822,0.19734859744086858,1
-0.1716998830623925,-0.1664277619123459,2
-0.1664277619123459,-0.16115564076229932,2
-0.16115564076229932,-0.15588351961225272,2
-0.15588351961225272,-0.15061139846220611,2
