-0.8933381521701813,-0.8871652613300831,0
-0.8871652613300831,-0.8809923704899847,0
-0.8809923704899847,-0.8748194796498865,0
-0.8748194796498865,-0.8686465888097883,0
0.501735177692026,0.5079080685321242,1
0.5079080685321242,0.5140809593722224,1
0.5140809593722224,0.5202538502123206,1
0.5202538502123206,0.526426741052419,1
-0.016787652876228076,-0.010614762036129877,2
-0.010614762036129877,-0.004441871196031566,2
-0.004441871196031566,0.0017310196440667447,2
0.0017310196440667447,0.007903910484164944,2
0.007903910484164944,0.014076801324263255,2
0.014076801324263255,0.020249692164361455,2
0.020249692164361455,0.026422583004459765,2
0.026422583004459765,0.032595473844557965,2
0.032595473844557965,0.038768364684656276,2
0.038768364684656276,0.044941255524754586,2
0.044941255524754586,0.051114146364852786,2
