-0.987187123298645,-0.9813661061692983,0
-0.9813661061692983,-0.9755450890399516,0
-0.9755450890399516,-0.9697240719106047,0
-0.9697240719106047,-0.963903054781258,0
-0.16642370806075635,-0.16060269093140955,1
-0.16060269093140955,-0.15478167380206287,1
-0.15478167380206287,-0.14896065667271619,1
-0.14896065667271619,-0.1431396395433694,1
-0.1431396395433694,-0.1373186224140227,1
-0.1373186224140227,-0.1314976052846759,1
-0.5447898214682937,-0.538968804338947,2
-0.538968804338947,-0.5331477872096002,2
-0.5331477872096002,-0.5273267700802534,2
-0.5273267700802534,-0.5215057529509067,2
-0.5215057529509067,-0.51568473582156,2
-0.51568473582156,-0.5098637186922134,2
-0.5098637186922134,-0.5040427015628666,2
-0.5040427015628666,-0.4982216844335198,2
-0.4982216844335198,-0.4924006673041731,2
-0.4924006673041731,-0.4865796501748264,2
-0.4865796501748264,-0.4807586330454797,2
-0.4807586330454797,-0.47493761591613287,2
-0.47493761591613287,-0.46911659878678613,2
-0.46911659878678613,-0.46329558165743945,2
-0.46329558165743945,-0.45747456452809276,2
0.11880613127723338,0.12462714840658007,3
0.12462714840658007,0.13044816553592678,3
0.13044816553592678,0.13626918266527355,3
0.13626918266527355,0.14209019979462026,3
0.14209019979462026,0.147911216923967,3
-0.07910845112055542,-0.07328743399120863,4
-0.07328743399120863,-0.06746641686186194,4
-0.06746641686186194,-0.06164539973251526,4
