-0.9787998909968882,-0.9737496879138052,0
-0.9737496879138052,-0.9686994848307222,0
-0.9686994848307222,-0.9636492817476392,0
-0.9636492817476392,-0.9585990786645562,0
-0.21116902236826715,-0.20611881928518413,1
-0.20611881928518413,-0.2010686162021011,1
-0.2010686162021011,-0.19601841311901808,1
-0.19601841311901808,-0.190968210035935,1
-0.190968210035935,-0.18591800695285196,1
-0.18591800695285196,-0.18086780386976894,1
-0.18086780386976894,-0.17581760078668593,1
-0.17581760078668593,-0.17076739770360289,1
-0.17076739770360289,-0.16571719462051987,1
-0.4687293796055019,-0.46367917652241886,2
-0.46367917652241886,-0.45862897343933584,2
-0.45862897343933584,-0.45357877035625277,2
-0.45357877035625277,-0.44852856727316975,2
-0.44852856727316975,-0.44347836419008674,2
-0.44347836419008674,-0.43842816110700367,2
-0.43842816110700367,-0.43337795802392054,2
-0.43337795802392054,-0.4283277549408375,2
-0.4283277549408375,-0.4232775518577545,2
0.06659214720129966,0.07164235028438268,3
0.07164235028438268,0.07669255336746578,3
0.07669255336746578,0.08174275645054879,3
0.08174275645054879,0.08679295953363181,3
-0.06471313295885922,-0.05966292987577612,4
