-0.07905670567415651,-0.07403725124895572,0
-0.07403725124895572,-0.06901779682375489,0
-0.06901779682375489,-0.06399834239855406,0
-0.06399834239855406,-0.05897888797335327,0
-0.05897888797335327,-0.05395943354815241,0
0.12172147133387626,0.12674092575907708,1
0.12674092575907708,0.13176038018427788,1
0.13176038018427788,0.13677983460947876,1
0.13677983460947876,0.14179928903467956,1
0.14179928903467956,0.14681874345988036,1
0.036390746105462335,0.04141020053066316,2
0.04141020053066316,0.046429654955863986,2
0.9900870868936182,0.9951065413188189,3
0.9951065413188189,1.0001259957440196,3
1.0001259957440196,1.0051454501692205,3
0.20705219656229024,0.21207165098749106,4
0.21207165098749106,0.21709110541269186,4
0.21709110541269186,0.22211055983789266,4
0.22211055983789266,0.22713001426309348,4
0.22713001426309348,0.23214946868829434,4
0.23214946868829434,0.23716892311349516,4
0.23716892311349516,0.24218837753869596,4
