-0.8960151624772696,-0.8903913801722227,0
-0.8903913801722227,-0.8847675978671758,0
-0.8847675978671758,-0.879143815562129,0
-0.879143815562129,-0.873520033257082,0
-0.873520033257082,-0.8678962509520352,0
-0.49672661881893876,-0.4911028365138918,1
-0.4911028365138918,-0.4854790542088449,1
-0.4854790542088449,-0.479855271903798,1
-0.479855271903798,-0.47423148959875094,1
-0.47423148959875094,-0.46860770729370405,1
-0.46860770729370405,-0.46298392498865715,1
-0.46298392498865715,-0.45736014268361025,1
-0.45736014268361025,-0.45173636037856335,1
-0.45173636037856335,-0.44611257807351645,1
-0.44611257807351645,-0.44048879576846955,1
-0.44048879576846955,-0.43486501346342266,1
-0.43486501346342266,-0.42924123115837576,1
