-0.15543898463714864,-0.1498957488685846,0
-0.1498957488685846,-0.1443525131000206,0
-0.1443525131000206,-0.1388092773314565,0
-0.1388092773314565,-0.13326604156289246,0
-0.13326604156289246,-0.12772280579432843,0
-0.12772280579432843,-0.12217957002576438,0
-0.12217957002576438,-0.11663633425720032,0
-0.11663633425720032,-0.1110930984886363,0
-0.1110930984886363,-0.10554986272007225,0
-0.10554986272007225,-0.10000662695150819,0
-0.10000662695150819,-0.09446339118294417,0
-0.3660819438425824,-0.36053870807401833,1
-0.36053870807401833,-0.35499547230545436,1
-0.35499547230545436,-0.3494522365368903,1
-0.3494522365368903,-0.3439090007683262,1
-0.3439090007683262,-0.3383657649997621,1
-0.3383657649997621,-0.33282252923119815,1
-0.33282252923119815,-0.32727929346263407,1
