-0.9779115049540997,-0.9717776346951724,0
-0.9717776346951724,-0.9656437644362449,0
-0.9656437644362449,-0.9595098941773176,0
-0.9595098941773176,-0.9533760239183903,0
-0.9533760239183903,-0.947242153659463,0
0.38994156278669834,0.39607543304562565,1
0.39607543304562565,0.402209303304553,1
0.402209303304553,0.40834317356348043,1
0.40834317356348043,0.41447704382240774,1
0.41447704382240774,0.4206109140813351,1
-0.48720188423991206,-0.48106801398098475,2
-0.48106801398098475,-0.4749341437220574,2
-0.4749341437220574,-0.46880027346312997,2
-0.46880027346312997,-0.4626664032042026,2
-0.4626664032042026,-0.4565325329452753,2
-0.4565325329452753,-0.450398662686348,2
-0.450398662686348,-0.4442647924274207,2
-0.4442647924274207,-0.4381309221684933,2
-0.4381309221684933,-0.4319970519095659,2
-0.4319970519095659,-0.4258631816506385,2
-0.4258631816506385,-0.4197293113917112,2
-0.4197293113917112,-0.4135954411327839,2
-0.4135954411327839,-0.4074615708738566,2
-0.4074615708738566,-0.40132770061492923,2
-0.40132770061492923,-0.3951938303560018,2
