-0.9797374468203633,-0.9731014130823313,0
-0.9731014130823313,-0.9664653793442993,0
-0.9664653793442993,-0.9598293456062673,0
-0.9598293456062673,-0.9531933118682355,0
0.5332782454509287,0.5399142791889607,1
0.5399142791889607,0.5465503129269927,1
0.5465503129269927,0.5531863466650248,1
0.5531863466650248,0.5598223804030568,1
0.5598223804030568,0.5664584141410888,1
0.5664584141410888,0.5730944478791207,1
-0.15686926330439743,-0.15023322956636548,2
-0.15023322956636548,-0.14359719582833352,2
-0.14359719582833352,-0.1369611620903015,2
-0.1369611620903015,-0.1303251283522695,2
-0.1303251283522695,-0.1236890946142375,2
-0.1236890946142375,-0.1170530608762056,2
-0.1170530608762056,-0.11041702713817358,2
