-0.9007213336601854,-0.8938698966056109,0
-0.8938698966056109,-0.8870184595510364,0
-0.8870184595510364,-0.8801670224964617,0
-0.8801670224964617,-0.8733155854418873,0
-0.8733155854418873,-0.8664641483873128,0
0.6888120630010961,0.6956635000556708,1
0.6956635000556708,0.7025149371102453,1
0.7025149371102453,0.7093663741648197,1
0.7093663741648197,0.7162178112193942,1
0.7162178112193942,0.7230692482739687,1
0.7230692482739687,0.7299206853285432,1
-0.3526063692942261,-0.34575493223965165,2
-0.34575493223965165,-0.3389034951850772,2
-0.3389034951850772,-0.33205205813050265,2
-0.33205205813050265,-0.3252006210759282,2
-0.3252006210759282,-0.3183491840213537,2
-0.3183491840213537,-0.31149774696677923,2
-0.31149774696677923,-0.30464630991220476,2
-0.30464630991220476,-0.2977948728576303,2
-0.2977948728576303,-0.29094343580305576,2
-0.29094343580305576,-0.2840919987484813,2
-0.2840919987484813,-0.2772405616939068,2
-0.2772405616939068,-0.27038912463933223,2
