0.34154850446619095,0.3478062706440687,0
0.3478062706440687,0.35406403682194654,0
0.35406403682194654,0.3603218029998243,0
0.3603218029998243,0.36657956917770207,0
0.36657956917770207,0.37283733535557984,0
0.37283733535557984,0.3790951015334576,0
0.3790951015334576,0.38535286771133537,0
0.38535286771133537,0.39161063388921313,0
0.39161063388921313,0.3978684000670909,0
0.3978684000670909,0.40412616624496867,0
0.40412616624496867,0.4103839324228465,0
0.4103839324228465,0.41664169860072425,0
0.41664169860072425,0.42289946477860213,0
0.42289946477860213,0.42915723095647995,0
0.42915723095647995,0.4354149971343577,0
