-0.6655423794686794,-0.659928933084011,0
-0.659928933084011,-0.6543154866993428,0
-0.6543154866993428,-0.6487020403146744,0
-0.6487020403146744,-0.643088593930006,0
-0.643088593930006,-0.6374751475453377,0
-0.6374751475453377,-0.6318617011606693,0
-0.6318617011606693,-0.6262482547760011,0
-0.6262482547760011,-0.6206348083913327,0
-0.6206348083913327,-0.6150213620066642,0
-0.6150213620066642,-0.609407915621996,0
-0.609407915621996,-0.6037944692373276,0
0.5862561643123627,0.5918696106970311,1
0.5918696106970311,0.5974830570816994,1
0.5974830570816994,0.6030965034663678,1
0.6030965034663678,0.608709949851036,1
0.608709949851036,0.6143233962357044,1
0.6143233962357044,0.6199368426203729,1
0.6199368426203729,0.6255502890050411,1
-0.21646666869521136,-0.21085322231054304,2
-0.21085322231054304,-0.20523977592587472,2
-0.20523977592587472,-0.1996263295412064,2
-0.1996263295412064,-0.19401288315653797,2
-0.19401288315653797,-0.18839943677186965,2
-0.18839943677186965,-0.18278599038720134,2
-0.18278599038720134,-0.1771725440025329,2
-0.1771725440025329,-0.1715590976178646,2
-0.1715590976178646,-0.16594565123319627,2
-0.16594565123319627,-0.16033220484852795,2
-0.16033220484852795,-0.15471875846385952,2
