-0.03885196870192888,-0.034288574354723114,0
-0.034288574354723114,-0.02972518000751735,0
-0.02972518000751735,-0.02516178566031159,0
-0.02516178566031159,-0.02059839131310584,0
-0.02059839131310584,-0.016034996965900078,0
-0.016034996965900078,-0.011471602618694315,0
0.9924751537665724,0.9970385481137782,1
0.9970385481137782,1.001601942460984,1
1.001601942460984,1.0061653368081898,1
0.24864187517203387,0.2532052695192396,2
0.2532052695192396,0.25776866386644537,2
0.25776866386644537,0.26233205821365113,2
0.26233205821365113,0.2668954525608569,2
0.2668954525608569,0.27145884690806266,2
0.27145884690806266,0.2760222412552684,2
0.2760222412552684,0.2805856356024742,2
0.2805856356024742,0.2851490299496799,2
0.2851490299496799,0.28971242429688565,2
0.28971242429688565,0.2942758186440914,2
0.2942758186440914,0.2988392129912972,2
0.2988392129912972,0.30340260733850294,2
0.30340260733850294,0.3079660016857087,2
0.3079660016857087,0.31252939603291446,2
0.31252939603291446,0.3170927903801202,2
0.3170927903801202,0.321656184727326,2
0.20757132604718204,0.2121347203943878,3
0.2121347203943878,0.21669811474159356,3
0.21669811474159356,0.22126150908879932,3
