-0.08440244466066363,-0.0795207860413939,0
-0.0795207860413939,-0.07463912742212417,0
-0.07463912742212417,-0.06975746880285444,0
-0.06975746880285444,-0.06487581018358471,0
-0.06487581018358471,-0.05999415156431498,0
0.03763902082107959,0.04252067944034932,1
0.04252067944034932,0.04740233805961905,1
0.04740233805961905,0.05228399667888878,1
0.01811238634400067,0.0229940449632704,2
0.0229940449632704,0.02787570358254013,2
0.9407458653859793,0.945627524005249,3
0.945627524005249,0.9505091826245189,3
0.9505091826245189,0.9553908412437886,3
0.9553908412437886,0.9602724998630583,3
0.5746214689407497,0.5795031275600194,4
0.5795031275600194,0.5843847861792892,4
0.5843847861792892,0.5892664447985589,4
0.5892664447985589,0.5941481034178286,4
0.5941481034178286,0.5990297620370983,4
0.5990297620370983,0.603911420656368,4
0.603911420656368,0.6087930792756377,4
0.6087930792756377,0.6136747378949076,4
0.6136747378949076,0.6185563965141773,4
0.6185563965141773,0.6234380551334471,4
0.6234380551334471,0.6283197137527168,4
0.3500651724543422,0.35494683107361197,5
0.35494683107361197,0.35982848969288167,5
0.35982848969288167,0.36471014831215137,5
0.36471014831215137,0.36959180693142113,5
0.36959180693142113,0.3744734655506909,5
0.3744734655506909,0.3793551241699606,5
0.3793551241699606,0.3842367827892303,5
0.3842367827892303,0.38911844140850005,5
0.38911844140850005,0.39400010002776975,5
0.39400010002776975,0.39888175864703945,5
0.39888175864703945,0.40376341726630915,5
0.40376341726630915,0.40864507588557897,5
0.40864507588557897,0.4135267345048487,5
0.4135267345048487,0.4184083931241184,5
