-0.9634491790272295,-0.9560140909161419,0
-0.9560140909161419,-0.9485790028050542,0
-0.9485790028050542,-0.9411439146939666,0
-0.9411439146939666,-0.9337088265828788,0
-0.9337088265828788,-0.9262737384717912,0
0.7168807340785861,0.7243158221896737,1
0.7243158221896737,0.7317509103007616,1
0.7317509103007616,0.7391859984118492,1
0.7391859984118492,0.7466210865229368,1
0.7466210865229368,0.7540561746340246,1
-0.04149825325235723,-0.034063165141269613,2
-0.034063165141269613,-0.026628077030181885,2
-0.026628077030181885,-0.019192988919094156,2
-0.019192988919094156,-0.011757900808006538,2
-0.011757900808006538,-0.00432281269691881,2
-0.00432281269691881,0.003112275414168808,2
0.003112275414168808,0.010547363525256537,2
0.010547363525256537,0.017982451636344154,2
0.017982451636344154,0.025417539747431883,2
0.025417539747431883,0.0328526278585195,2
