0.004523918149061501,0.009242742322385311,0
0.009242742322385311,0.013961566495709121,0
0.013961566495709121,0.01868039066903293,0
0.01868039066903293,0.02339921484235674,0
0.02339921484235674,0.02811803901568055,0
0.02811803901568055,0.03283686318900436,0
0.03283686318900436,0.03755568736232817,0
0.03755568736232817,0.04227451153565198,0
0.04227451153565198,0.04699333570897579,0
0.04699333570897579,0.0517121598822996,0
0.0517121598822996,0.05643098405562341,0
0.05643098405562341,0.06114980822894722,0
0.06114980822894722,0.06586863240227103,0
0.06586863240227103,0.07058745657559484,0
0.07058745657559484,0.07530628074891865,0
0.1460886433487758,0.15080746752209961,1
0.15080746752209961,0.15552629169542342,1
0.15552629169542342,0.16024511586874723,1
0.16024511586874723,0.16496394004207104,1
0.16496394004207104,0.16968276421539485,1
0.16968276421539485,0.17440158838871866,1
0.17440158838871866,0.17912041256204247,1
0.17912041256204247,0.18383923673536628,1
0.18383923673536628,0.1885580609086901,1
0.1885580609086901,0.1932768850820139,1
0.1932768850820139,0.19799570925533772,1
0.19799570925533772,0.20271453342866153,1
0.20271453342866153,0.20743335760198534,1
0.20743335760198534,0.21215218177530915,1
0.21215218177530915,0.21687100594863296,1
0.21687100594863296,0.22158983012195677,1
0.22158983012195677,0.22630865429528058,1
0.22630865429528058,0.23102747846860439,1
0.23102747846860439,0.2357463026419282,1
0.2357463026419282,0.240465126815252,1
0.240465126815252,0.24518395098857582,1
0.24518395098857582,0.24990277516189963,1
0.24990277516189963,0.25462159933522344,1
