-0.9966151254344731,-0.9898862598277629,0
-0.9898862598277629,-0.9831573942210525,0
-0.9831573942210525,-0.9764285286143422,0
-0.9764285286143422,-0.9696996630076318,0
0.1809363557398319,0.18766522134654218,1
0.18766522134654218,0.19439408695325255,1
0.19439408695325255,0.20112295255996288,1
0.20112295255996288,0.20785181816667314,1
0.20785181816667314,0.21458068377338346,1
0.21458068377338346,0.22130954938009384,1
0.22130954938009384,0.22803841498680416,1
0.22803841498680416,0.23476728059351437,1
0.23476728059351437,0.24149614620022475,1
0.24149614620022475,0.24822501180693507,1
0.24822501180693507,0.25495387741364534,1
0.25495387741364534,0.26168274302035566,1
-0.16896465580910447,-0.1622357902023941,2
-0.1622357902023941,-0.15550692459568377,2
-0.15550692459568377,-0.1487780589889735,2
-0.1487780589889735,-0.14204919338226318,2
-0.14204919338226318,-0.13532032777555292,2
-0.13532032777555292,-0.12859146216884254,2
-0.12859146216884254,-0.12186259656213227,2
-0.12186259656213227,-0.1151337309554219,2
-0.1151337309554219,-0.10840486534871163,2
-0.10840486534871163,-0.10167599974200126,2
-0.10167599974200126,-0.09494713413529099,2
-0.09494713413529099,-0.08821826852858061,2
0.6788724106363953,0.6856012762431054,3
0.6856012762431054,0.6923301418498158,3
0.6923301418498158,0.6990590074565262,3
0.6990590074565262,0.7057878730632365,3
0.7057878730632365,0.7125167386699467,3
0.7125167386699467,0.7192456042766571,3
0.5981260233558714,0.6048548889625818,4
0.6048548889625818,0.6115837545692919,4
0.6115837545692919,0.6183126201760023,4
0.6183126201760023,0.6250414857827127,4
0.6250414857827127,0.6317703513894231,4
0.6317703513894231,0.6384992169961332,4
0.6384992169961332,0.6452280826028436,4
0.31551366787403823,0.32224253348074855,5
0.32224253348074855,0.32897139908745876,5
0.32897139908745876,0.33570026469416914,5
0.33570026469416914,0.3424291303008795,5
