-0.9563733775075525,-0.9508665455691516,0
-0.9508665455691516,-0.9453597136307508,0
-0.9453597136307508,-0.9398528816923499,0
-0.9398528816923499,-0.9343460497539491,0
-0.9343460497539491,-0.9288392178155482,0
0.23860915312543513,0.24411598506383597,1
0.24411598506383597,0.24962281700223685,1
0.24962281700223685,0.2551296489406377,1
0.2551296489406377,0.26063648087903857,1
0.26063648087903857,0.26614331281743947,1
0.1339793462958187,0.13948617823421955,2
0.13948617823421955,0.14499301017262042,2
0.14499301017262042,0.15049984211102127,2
0.15049984211102127,0.15600667404942217,2
0.15600667404942217,0.16151350598782305,2
0.16151350598782305,0.1670203379262239,2
0.1670203379262239,0.17252716986462474,2
0.17252716986462474,0.17803400180302562,2
-0.24599205745384095,-0.2404852255154401,3
-0.2404852255154401,-0.2349783935770392,3
-0.2349783935770392,-0.22947156163863833,3
-0.22947156163863833,-0.22396472970023748,3
-0.22396472970023748,-0.21845789776183663,3
-0.21845789776183663,-0.21295106582343576,3
-0.21295106582343576,-0.2074442338850349,3
-0.2074442338850349,-0.201937401946634,3
-0.201937401946634,-0.19643057000823314,3
-0.19643057000823314,-0.1909237380698323,3
