-0.4955568359233439,-0.48978961843997243,0
-0.48978961843997243,-0.4840224009566009,0
-0.4840224009566009,-0.4782551834732295,0
-0.4782551834732295,-0.47248796598985787,0
-0.47248796598985787,-0.4667207485064865,0
-0.4667207485064865,-0.46095353102311487,0
-0.2821697890385986,-0.2764025715552271,1
-0.2764025715552271,-0.27063535407185557,1
-0.27063535407185557,-0.26486813658848407,1
-0.26486813658848407,-0.25910091910511257,1
-0.33984196387231347,-0.3340747463889421,2
-0.3340747463889421,-0.32830752890557047,2
-0.32830752890557047,-0.3225403114221991,2
-0.3225403114221991,-0.31677309393882747,2
-0.31677309393882747,-0.3110058764554561,2
0.7443949230015278,0.7501621404848994,3
0.7501621404848994,0.7559293579682708,3
0.7559293579682708,0.7616965754516424,3
0.7616965754516424,0.7674637929350138,3
0.7674637929350138,0.7732310104183854,3
0.7732310104183854,0.7789982279017568,3
-0.10338604705408216,-0.09761882957071066,4
-0.09761882957071066,-0.09185161208733916,4
-0.09185161208733916,-0.08608439460396766,4
-0.08608439460396766,-0.08031717712059616,4
-0.08031717712059616,-0.07454995963722466,4
-0.07454995963722466,-0.06878274215385316,4
-0.06878274215385316,-0.06301552467048166,4
-0.06301552467048166,-0.05724830718711016,4
-0.05724830718711016,-0.05148108970373866,4
-0.05148108970373866,-0.04571387222036716,4
-0.04571387222036716,-0.03994665473699566,4
-0.03994665473699566,-0.034179437253624156,4
-0.034179437253624156,-0.028412219770252656,4
