0.6780021347664298,0.6842295006755741,0
0.6842295006755741,0.6904568665847182,0
0.6904568665847182,0.6966842324938625,0
0.6966842324938625,0.7029115984030068,0
0.7029115984030068,0.7091389643121511,0
0.21094969158060844,0.21717705748975275,1
0.21717705748975275,0.22340442339889705,1
0.22340442339889705,0.2296317893080413,1
0.2296317893080413,0.2358591552171856,1
0.2358591552171856,0.2420865211263299,1
0.2420865211263299,0.2483138870354742,1
0.2483138870354742,0.2545412529446185,1
0.2545412529446185,0.2607686188537628,1
