-0.11313142020255326,-0.10788256520405412,0
-0.10788256520405412,-0.10263371020555498,0
-0.10263371020555498,-0.09738485520705584,0
-0.09738485520705584,-0.09213600020855667,0
-0.09213600020855667,-0.08688714521005753,0
-0.08688714521005753,-0.08163829021155838,0
-0.08163829021155838,-0.07638943521305924,0
-0.07638943521305924,-0.07114058021456002,0
-0.07114058021456002,-0.06589172521606088,0
-0.06589172521606088,-0.060642870217561734,0
-0.060642870217561734,-0.05539401521906259,0
-0.05539401521906259,-0.05014516022056342,0
