-0.4627723630890251,-0.45692695743404327,0
-0.45692695743404327,-0.45108155177906156,0
-0.45108155177906156,-0.4452361461240798,0
-0.4452361461240798,-0.4393907404690981,0
-0.4393907404690981,-0.4335453348141164,0
-0.34586424998939036,-0.34001884433440865,1
-0.34001884433440865,-0.33417343867942695,1
-0.33417343867942695,-0.32832803302444524,1
-0.32832803302444524,-0.3224826273694634,1
-0.3224826273694634,-0.3166372217144817,1
-0.3166372217144817,-0.3107918160595,1
0.8875163432117551,0.893361748866737,2
0.893361748866737,0.8992071545217187,2
0.8992071545217187,0.9050525601767004,2
0.9050525601767004,0.9108979658316821,2
0.9108979658316821,0.9167433714866638,2
0.15099523068405685,0.15684063633903866,3
0.15684063633903866,0.16268604199402037,3
0.16268604199402037,0.16853144764900208,3
0.16853144764900208,0.17437685330398378,3
0.17437685330398378,0.1802222589589655,3
0.1802222589589655,0.1860676646139473,3
0.1860676646139473,0.191913070268929,3
0.191913070268929,0.19775847592391071,3
0.19775847592391071,0.20360388157889242,3
