0.5745510760881007,0.5808546141255646,0
0.5808546141255646,0.5871581521630287,0
0.5871581521630287,0.5934616902004928,0
0.5934616902004928,0.5997652282379566,0
-0.062106265695765606,-0.05580272765830163,1
-0.05580272765830163,-0.04949918962083755,1
-0.04949918962083755,-0.04319565158337357,1
-0.04319565158337357,-0.03689211354590949,1
-0.03689211354590949,-0.030588575508445515,1
-0.030588575508445515,-0.02428503747098143,1
-0.02428503747098143,-0.017981499433517456,1
-0.017981499433517456,-0.011677961396053482,1
-0.011677961396053482,-0.0053744233585893975,1
