-0.7209126752614975,-0.715101973861456,0
-0.715101973861456,-0.7092912724614143,0
-0.7092912724614143,-0.7034805710613729,0
-0.7034805710613729,-0.6976698696613312,0
-0.6976698696613312,-0.6918591682612897,0
-0.6918591682612897,-0.686048466861248,0
-0.686048466861248,-0.6802377654612065,0
-0.6802377654612065,-0.6744270640611648,0
0.3250135767459869,0.33082427814602855,1
0.33082427814602855,0.33663497954607,1
0.33663497954607,0.3424456809461117,1
0.3424456809461117,0.3482563823461532,1
0.3482563823461532,0.3540670837461949,1
0.3540670837461949,0.35987778514623636,1
0.35987778514623636,0.36568848654627806,1
0.36568848654627806,0.37149918794631953,1
0.37149918794631953,0.3773098893463612,1
0.11582832634449003,0.12163902774453161,2
0.12163902774453161,0.1274497291445732,2
0.1274497291445732,0.13326043054461478,2
0.13326043054461478,0.13907113194465637,2
0.13907113194465637,0.14488183334469795,2
0.14488183334469795,0.15069253474473954,2
0.15069253474473954,0.15650323614478112,2
0.15650323614478112,0.1623139375448227,2
0.1623139375448227,0.1681246389448643,2
0.1681246389448643,0.17393534034490588,2
0.17393534034490588,0.17974604174494746,2
0.5923058411478996,0.5981165425479412,3
0.5981165425479412,0.6039272439479828,3
0.6039272439479828,0.6097379453480244,3
0.6097379453480244,0.6155486467480659,3
0.6155486467480659,0.6213593481481076,3
0.40055269494652757,0.40636339634656904,4
0.40636339634656904,0.4121740977466107,4
0.4121740977466107,0.4179847991466522,4
0.4179847991466522,0.42379550054669385,4
