-0.906350280046463,-0.899500733865425,0
-0.899500733865425,-0.8926511876843869,0
-0.8926511876843869,-0.8858016415033488,0
-0.8858016415033488,-0.878952095322311,0
-0.878952095322311,-0.8721025491412729,0
-0.8721025491412729,-0.8652530029602349,0
0.6073994259629399,0.6142489721439779,1
0.6142489721439779,0.6210985183250158,1
0.6210985183250158,0.6279480645060539,1
0.6279480645060539,0.634797610687092,1
0.634797610687092,0.64164715686813,1
0.3950634943507612,0.40191304053179916,2
0.40191304053179916,0.40876258671283716,2
0.40876258671283716,0.4156121328938752,2
0.4156121328938752,0.4224616790749133,2
0.4224616790749133,0.42931122525595133,2
0.42931122525595133,0.43616077143698934,2
0.43616077143698934,0.4430103176180273,2
-0.07070564595982431,-0.06385609977878626,3
-0.06385609977878626,-0.05700655359774831,3
-0.05700655359774831,-0.05015700741671025,3
-0.05015700741671025,-0.043307461235672196,3
-0.043307461235672196,-0.03645791505463425,3
-0.03645791505463425,-0.02960836887359619,3
-0.02960836887359619,-0.022758822692558134,3
-0.022758822692558134,-0.015909276511520187,3
-0.015909276511520187,-0.00905973033048213,3
