-0.19825972139369696,-0.19367877258919183,0
-0.19367877258919183,-0.18909782378468665,0
-0.18909782378468665,-0.18451687498018143,0
-0.18451687498018143,-0.17993592617567633,0
-0.17993592617567633,-0.17535497737117112,0
-0.17535497737117112,-0.170774028566666,0
0.030787718831561506,0.03536866763606669,1
0.03536866763606669,0.03994961644057182,1
0.03994961644057182,0.04453056524507701,1
0.04453056524507701,0.04911151404958217,1
0.04911151404958217,0.05369246285408735,1
0.05369246285408735,0.05827341165859254,1
-0.024183666822500532,-0.019602718017995374,2
-0.019602718017995374,-0.015021769213490188,2
-0.015021769213490188,-0.01044082040898503,2
-0.01044082040898503,-0.0058598716044798715,2
0.17279713177122177,0.1773780805757269,3
0.1773780805757269,0.18195902938023212,3
0.18195902938023212,0.18653997818473725,3
0.18653997818473725,0.19112092698924243,3
0.19112092698924243,0.19570187579374762,3
0.19570187579374762,0.20028282459825275,3
0.20028282459825275,0.20486377340275796,3
0.20486377340275796,0.2094447222072631,3
0.2094447222072631,0.21402567101176828,3
