-0.3052428114414215,-0.2995670104026794,0
-0.2995670104026794,-0.2938912093639374,0
-0.2938912093639374,-0.2882154083251953,0
-0.2882154083251953,-0.2825396072864532,0
-0.2825396072864532,-0.27686380624771123,0
0.9037028098106384,0.9093786108493805,1
0.9093786108493805,0.9150544118881226,1
0.9150544118881226,0.9207302129268645,1
0.9207302129268645,0.9264060139656066,1
0.9264060139656066,0.9320818150043487,1
0.9320818150043487,0.9377576160430908,1
0.9377576160430908,0.9434334170818329,1
-0.038480162620544434,-0.03280436158180233,2
-0.03280436158180233,-0.027128560543060343,2
-0.027128560543060343,-0.021452759504318242,2
-0.021452759504318242,-0.01577695846557614,2
-0.01577695846557614,-0.01010115742683415,2
-0.01010115742683415,-0.00442535638809205,2
-0.00442535638809205,0.001250444650650051,2
0.001250444650650051,0.006926245689392041,2
0.006926245689392041,0.012602046728134142,2
0.012602046728134142,0.018277847766876243,2
0.018277847766876243,0.023953648805618233,2
0.023953648805618233,0.029629449844360334,2
0.029629449844360334,0.035305250883102435,2
0.035305250883102435,0.040981051921844536,2
0.040981051921844536,0.046656852960586526,2
0.046656852960586526,0.05233265399932863,2
0.05233265399932863,0.05800845503807073,2
0.05800845503807073,0.06368425607681272,2
0.06368425607681272,0.06936005711555482,2
-0.1065897750854492,-0.1009139740467071,3
-0.1009139740467071,-0.09523817300796511,3
-0.09523817300796511,-0.08956237196922301,3
-0.08956237196922301,-0.08388657093048091,3
