-1.0023039657156916,-0.9976607171120122,0
-0.9976607171120122,-0.9930174685083328,0
-0.9930174685083328,-0.9883742199046537,0
-0.5519088511588052,-0.5472656025551259,1
-0.5472656025551259,-0.5426223539514468,1
-0.5426223539514468,-0.5379791053477674,1
-0.5379791053477674,-0.5333358567440882,1
-0.5333358567440882,-0.528692608140409,1
-0.528692608140409,-0.5240493595367297,1
-0.5240493595367297,-0.5194061109330506,1
-0.5194061109330506,-0.5147628623293712,1
-0.5147628623293712,-0.510119613725692,1
-0.7515685411170125,-0.7469252925133332,2
-0.7469252925133332,-0.742282043909654,2
-0.0875839907908812,-0.08294074218720196,3
-0.08294074218720196,-0.07829749358352273,3
-0.07829749358352273,-0.07365424497984346,3
-0.24545444331597538,-0.24081119471229612,4
-0.24081119471229612,-0.23616794610861686,4
-0.23616794610861686,-0.23152469750493762,4
-0.23152469750493762,-0.2268814489012584,4
0.0284972243010998,0.03314047290477902,5
0.03314047290477902,0.03778372150845827,5
0.03778372150845827,0.04242697011213753,5
0.04242697011213753,0.04707021871581675,5
0.04707021871581675,0.051713467319496,5
-0.064367747772485,-0.05972449916880576,6
-0.05972449916880576,-0.05508125056512653,6
