-0.12368604136165234,-0.11998481933027506,0
-0.11998481933027506,-0.11628359729889781,0
-0.11628359729889781,-0.11258237526752057,0
-0.11258237526752057,-0.1088811532361433,0
-0.1088811532361433,-0.10517993120476604,0
-0.10517993120476604,-0.1014787091733888,0
-0.1014787091733888,-0.09777748714201152,0
-0.09777748714201152,-0.09407626511063429,0
-0.09407626511063429,-0.09037504307925703,0
-0.09037504307925703,-0.08667382104787977,0
-0.08667382104787977,-0.0829725990165025,0
-0.0829725990165025,-0.07927137698512526,0
-0.07927137698512526,-0.075570154953748,0
-0.075570154953748,-0.07186893292237073,0
-0.07186893292237073,-0.0681677108909935,0
-0.0681677108909935,-0.06446648885961623,0
-0.06446648885961623,-0.06076526682823896,0
-0.06076526682823896,-0.057064044796861724,0
-0.057064044796861724,-0.05336282276548446,0
