0.8020109518244862,0.8079203040059655,0
0.8079203040059655,0.813829656187445,0
0.813829656187445,0.8197390083689242,0
0.8197390083689242,0.8256483605504035,0
0.8256483605504035,0.831557712731883,0
0.831557712731883,0.8374670649133622,0
0.4651778774801642,0.4710872296616435,1
0.4710872296616435,0.47699658184312277,1
0.47699658184312277,0.48290593402460225,1
0.48290593402460225,0.4888152862060815,1
0.4888152862060815,0.4947246383875608,1
0.4947246383875608,0.5006339905690402,1
0.5006339905690402,0.5065433427505195,1
0.5065433427505195,0.5124526949319987,1
0.5124526949319987,0.5183620471134782,1
