-1.0036532592773437,-0.9987073133420199,0
-0.9987073133420199,-0.9937613674066961,0
-0.9937613674066961,-0.9888154214713722,0
-0.25681542304344473,-0.2518694771081209,1
-0.2518694771081209,-0.24692353117279708,1
-0.24692353117279708,-0.24197758523747326,1
-0.24197758523747326,-0.23703163930214943,1
-0.23703163930214943,-0.2320856933668256,1
-0.2320856933668256,-0.22713974743150175,1
-0.22713974743150175,-0.22219380149617793,1
-0.22219380149617793,-0.2172478555608541,1
-0.2172478555608541,-0.21230190962553028,1
-0.4497073145210743,-0.4447613685857505,2
-0.4447613685857505,-0.43981542265042667,2
-0.43981542265042667,-0.43486947671510284,2
-0.43486947671510284,-0.4299235307797789,2
-0.4299235307797789,-0.4249775848444551,2
-0.4249775848444551,-0.42003163890913126,2
-0.42003163890913126,-0.41508569297380743,2
0.03499538714066147,0.0399413330759853,3
0.0399413330759853,0.04488727901130912,3
0.04488727901130912,0.04983322494663295,3
0.04983322494663295,0.054779170881956774,3
0.054779170881956774,0.059725116817280655,3
-0.18262623401358724,-0.17768028807826342,4
-0.17768028807826342,-0.1727343421429396,4
-0.1727343421429396,-0.16778839620761576,4
