-0.9674933969974517,-0.9623447991441936,0
-0.9623447991441936,-0.9571962012909352,0
0.17034672857262195,0.17549532642588023,1
0.17549532642588023,0.1806439242791385,1
0.1806439242791385,0.1857925221323967,1
0.1857925221323967,0.19094111998565494,1
0.19094111998565494,0.1960897178389132,1
-0.19520371900871392,-0.1900551211554557,2
-0.1900551211554557,-0.18490652330219745,2
-0.18490652330219745,-0.17975792544893918,2
-0.17975792544893918,-0.1746093275956809,2
-0.1746093275956809,-0.16946072974242266,2
-0.16946072974242266,-0.16431213188916444,2
-0.16431213188916444,-0.1591635340359062,2
