-0.4447883969917893,-0.43954757404513656,0
-0.43954757404513656,-0.4343067510984838,0
-0.4343067510984838,-0.4290659281518311,0
-0.4290659281518311,-0.4238251052051783,0
-0.4238251052051783,-0.41858428225852545,0
-0.1303390201926231,-0.12509819724597038,1
-0.12509819724597038,-0.11985737429931764,1
-0.11985737429931764,-0.1146165513526648,1
-0.1146165513526648,-0.10937572840601206,1
-0.10937572840601206,-0.10413490545935933,1
-0.10413490545935933,-0.09889408251270648,1
-0.09889408251270648,-0.09365325956605375,1
-0.09365325956605375,-0.08841243661940101,1
-0.20371054144576192,-0.19846971849910913,2
-0.19846971849910913,-0.19322889555245637,2
-0.19322889555245637,-0.18798807260580364,2
-0.02028173831291502,-0.015040915366262175,3
-0.015040915366262175,-0.00980009241960944,3
-0.00980009241960944,-0.004559269472956706,3
-0.004559269472956706,0.0006815534736961393,3
0.0006815534736961393,0.005922376420348874,3
0.005922376420348874,0.011163199367001608,3
0.011163199367001608,0.016404022313654454,3
0.016404022313654454,0.02164484526030719,3
