-0.7660380256175995,-0.7590711369831115,0
-0.7590711369831115,-0.7521042483486234,0
-0.7521042483486234,-0.7451373597141354,0
-0.7451373597141354,-0.7381704710796476,0
-0.7381704710796476,-0.7312035824451596,0
-0.7312035824451596,-0.7242366938106716,0
-0.7242366938106716,-0.7172698051761836,0
-0.7172698051761836,-0.7103029165416955,0
0.8363463603146375,0.8433132489491255,1
0.8433132489491255,0.8502801375836135,1
0.8502801375836135,0.8572470262181016,1
0.8572470262181016,0.8642139148525894,1
0.8642139148525894,0.8711808034870774,1
0.634306589914486,0.6412734785489739,2
0.6412734785489739,0.6482403671834618,2
0.6482403671834618,0.6552072558179498,2
0.6552072558179498,0.6621741444524378,2
0.6621741444524378,0.6691410330869259,2
0.6691410330869259,0.6761079217214139,2
0.6761079217214139,0.6830748103559019,2
0.6830748103559019,0.6900416989903897,2
0.6900416989903897,0.6970085876248777,2
0.6970085876248777,0.7039754762593657,2
0.7039754762593657,0.7109423648938538,2
0.7109423648938538,0.7179092535283418,2
0.7179092535283418,0.7248761421628298,2
0.7248761421628298,0.7318430307973177,2
0.7318430307973177,0.7388099194318056,2
0.7388099194318056,0.7457768080662937,2
0.7457768080662937,0.7527436967007817,2
0.7527436967007817,0.7597105853352697,2
0.7597105853352697,0.7666774739697577,2
0.7666774739697577,0.7736443626042456,2
0.42529993087984624,0.43226681951433427,3
0.43226681951433427,0.43923370814882223,3
0.43923370814882223,0.44620059678331025,3
0.44620059678331025,0.4531674854177983,3
0.4531674854177983,0.4601343740522862,3
0.4601343740522862,0.4671012626867742,3
0.4671012626867742,0.4740681513212622,3
0.4740681513212622,0.48103503995575014,3
0.48103503995575014,0.48800192859023817,3
0.48800192859023817,0.4949688172247262,3
0.4949688172247262,0.5019357058592142,3
0.5019357058592142,0.5089025944937021,3
0.5089025944937021,0.51586948312819,3
0.51586948312819,0.522836371762678,3
0.522836371762678,0.5298032603971661,3
0.5298032603971661,0.5367701490316541,3
0.5367701490316541,0.5437370376661421,3
