0.919078594557941,0.9236664900486357,0
0.9236664900486357,0.9282543855393305,0
0.9282543855393305,0.9328422810300253,0
0.9328422810300253,0.9374301765207201,0
0.9374301765207201,0.942018072011415,0
0.5612227462837472,0.5658106417744421,1
0.5658106417744421,0.5703985372651369,1
0.5703985372651369,0.5749864327558317,1
0.5749864327558317,0.5795743282465263,1
0.5795743282465263,0.5841622237372212,1
0.5841622237372212,0.588750119227916,1
0.588750119227916,0.5933380147186108,1
0.5933380147186108,0.5979259102093056,1
0.5979259102093056,0.6025138057000005,1
0.6025138057000005,0.6071017011906951,1
0.6071017011906951,0.6116895966813899,1
0.6116895966813899,0.6162774921720847,1
0.6162774921720847,0.6208653876627795,1
0.6208653876627795,0.6254532831534744,1
0.6254532831534744,0.6300411786441692,1
0.6300411786441692,0.6346290741348639,1
0.6346290741348639,0.6392169696255586,1
