-0.9496873378753662,-0.9447400128468871,0
-0.9447400128468871,-0.9397926878184081,0
0.07935626804828644,0.08430359307676552,1
0.08430359307676552,0.08925091810524463,1
0.08925091810524463,0.09419824313372371,1
0.09419824313372371,0.0991455681622028,1
0.0991455681622028,0.10409289319068193,1
0.10409289319068193,0.10904021821916102,1
0.10904021821916102,0.11398754324764013,1
0.11398754324764013,0.11893486827611921,1
-0.2323252087458968,-0.22737788371741774,2
-0.22737788371741774,-0.2224305586889386,2
