-0.6573840447235852,-0.6506410692818463,0
-0.6506410692818463,-0.6438980938401073,0
-0.6438980938401073,-0.6371551183983684,0
-0.6371551183983684,-0.6304121429566294,0
-0.6304121429566294,-0.6236691675148904,0
-0.36743610072880983,-0.36069312528707087,1
-0.36069312528707087,-0.3539501498453319,1
-0.3539501498453319,-0.34720717440359294,1
-0.34720717440359294,-0.340464198961854,1
-0.340464198961854,-0.333721223520115,1
-0.333721223520115,-0.32697824807837605,1
-0.32697824807837605,-0.3202352726366371,1
-0.3202352726366371,-0.31349229719489813,1
-0.31349229719489813,-0.30674932175315917,1
-0.30674932175315917,-0.3000063463114202,1
0.8732713805511594,0.8800143559928983,2
0.8800143559928983,0.8867573314346373,2
0.8867573314346373,0.8935003068763763,2
0.8935003068763763,0.9002432823181152,2
-0.13143196026794612,-0.12468898482620716,3
-0.12468898482620716,-0.1179460093844682,3
-0.1179460093844682,-0.11120303394272923,3
-0.11120303394272923,-0.10446005850099027,3
-0.10446005850099027,-0.09771708305925131,3
-0.09771708305925131,-0.09097410761751235,3
-0.09097410761751235,-0.08423113217577338,3
-0.08423113217577338,-0.07748815673403442,3
-0.07748815673403442,-0.07074518129229546,3
-0.07074518129229546,-0.06400220585055649,3
-0.06400220585055649,-0.05725923040881753,3
-0.05725923040881753,-0.05051625496707857,3
