-0.4356800010427832,-0.42982779470272364,0
-0.42982779470272364,-0.423975588362664,0
-0.423975588362664,-0.41812338202260435,0
-0.41812338202260435,-0.4122711756825447,0
-0.4122711756825447,-0.406418969342485,0
-0.1957395411003381,-0.18988733476027844,1
-0.18988733476027844,-0.18403512842021882,1
-0.18403512842021882,-0.17818292208015918,1
-0.17818292208015918,-0.1723307157400995,1
-0.1723307157400995,-0.16647850940003994,1
-0.16647850940003994,-0.16062630305998027,1
-0.16062630305998027,-0.1547740967199206,1
0.1788016646634787,0.18465387100353836,2
0.18465387100353836,0.19050607734359803,2
0.19050607734359803,0.1963582836836576,2
0.1963582836836576,0.20221049002371727,2
0.20221049002371727,0.20806269636377694,2
0.20806269636377694,0.2139149027038365,2
0.2139149027038365,0.21976710904389618,2
0.21976710904389618,0.22561931538395585,2
0.22561931538395585,0.23147152172401553,2
