-0.6173284149169922,-0.6119968224409968,0
-0.6119968224409968,-0.6066652299650013,0
-0.6066652299650013,-0.6013336374890059,0
-0.6013336374890059,-0.5960020450130106,0
-0.5960020450130106,-0.590670452537015,0
0.5289639674220235,0.5342955598980188,1
0.5342955598980188,0.5396271523740144,1
0.5396271523740144,0.5449587448500097,1
0.5449587448500097,0.5502903373260051,1
0.5502903373260051,0.5556219298020004,1
0.11843134677037592,0.12376293924637138,2
0.12376293924637138,0.12909453172236685,2
0.12909453172236685,0.1344261241983622,2
0.1344261241983622,0.13975771667435766,2
0.13975771667435766,0.14508930915035312,2
0.14508930915035312,0.15042090162634847,2
0.15042090162634847,0.15575249410234393,2
0.15575249410234393,0.1610840865783394,2
0.1610840865783394,0.16641567905433474,2
0.16641567905433474,0.1717472715303302,2
0.1717472715303302,0.17707886400632555,2
0.17707886400632555,0.18241045648232102,2
