-0.9654631076939404,-0.9581485472153872,0
-0.9581485472153872,-0.9508339867368341,0
-0.9508339867368341,-0.9435194262582809,0
-0.9435194262582809,-0.9362048657797277,0
-0.9362048657797277,-0.9288903053011746,0
0.7095712418947369,0.71688580237329,1
0.71688580237329,0.7242003628518432,1
0.7242003628518432,0.7315149233303964,1
0.7315149233303964,0.7388294838089495,1
0.7388294838089495,0.7461440442875027,1
0.0732044802606106,0.08051904073916377,2
0.08051904073916377,0.08783360121771694,2
0.08783360121771694,0.0951481616962701,2
0.0951481616962701,0.10246272217482333,2
0.10246272217482333,0.1097772826533765,2
0.1097772826533765,0.11709184313192966,2
0.11709184313192966,0.12440640361048283,2
0.12440640361048283,0.131720964089036,2
0.131720964089036,0.13903552456758916,2
0.13903552456758916,0.14635008504614233,2
