-0.3516157341003418,-0.34645350649487233,0
-0.34645350649487233,-0.34129127888940275,0
-0.34129127888940275,-0.3361290512839333,0
-0.3361290512839333,-0.3309668236784637,0
-0.3309668236784637,-0.3258045960729942,0
-0.3258045960729942,-0.32064236846752464,0
-0.32064236846752464,-0.31548014086205517,0
0.8356966151576489,0.8408588427631184,1
0.8408588427631184,0.8460210703685879,1
0.8460210703685879,0.8511832979740575,1
0.8511832979740575,0.856345525579527,1
0.856345525579527,0.8615077531849965,1
0.8615077531849965,0.866669980790466,1
0.866669980790466,0.8718322083959354,1
0.8718322083959354,0.8769944360014051,1
0.8769944360014051,0.8821566636068746,1
0.8821566636068746,0.8873188912123441,1
0.8873188912123441,0.8924811188178136,1
0.8924811188178136,0.8976433464232833,1
0.8976433464232833,0.9028055740287527,1
0.9028055740287527,0.9079678016342222,1
0.9079678016342222,0.9131300292396917,1
0.9131300292396917,0.9182922568451614,1
0.9182922568451614,0.9234544844506308,1
0.9234544844506308,0.9286167120561003,1
0.9286167120561003,0.9337789396615698,1
0.9337789396615698,0.9389411672670395,1
0.9389411672670395,0.9441033948725089,1
0.9441033948725089,0.9492656224779784,1
0.9492656224779784,0.9544278500834479,1
0.4020694962982088,0.40723172390367834,2
0.40723172390367834,0.4123939515091478,2
0.4123939515091478,0.4175561791146174,2
0.4175561791146174,0.4227184067200869,2
0.4227184067200869,0.42788063432555645,2
0.42788063432555645,0.4330428619310259,2
0.4330428619310259,0.4382050895364954,2
0.4382050895364954,0.44336731714196503,2
0.44336731714196503,0.44852954474743456,2
0.44852954474743456,0.45369177235290403,2
0.45369177235290403,0.4588539999583735,2
0.4588539999583735,0.46401622756384314,2
0.46401622756384314,0.46917845516931267,2
0.46917845516931267,0.47434068277478214,2
0.47434068277478214,0.4795029103802516,2
0.4795029103802516,0.48466513798572125,2
0.48466513798572125,0.4898273655911908,2
0.4898273655911908,0.49498959319666025,2
0.49498959319666025,0.5001518208021297,2
0.5001518208021297,0.5053140484075993,2
0.5053140484075993,0.5104762760130689,2
0.5104762760130689,0.5156385036185384,2
