-0.11830732137896122,-0.11387548773083839,0
-0.11387548773083839,-0.10944365408271553,0
-0.10944365408271553,-0.10501182043459267,0
-0.10501182043459267,-0.10057998678646984,0
0.05896602454595265,0.06339785819407548,1
0.06339785819407548,0.06782969184219834,1
0.06782969184219834,0.07226152549032122,1
0.07226152549032122,0.07669335913844405,1
0.07669335913844405,0.08112519278656691,1
0.08112519278656691,0.08555702643468974,1
0.08555702643468974,0.08998886008281257,1
0.08998886008281257,0.09442069373093542,1
0.09442069373093542,0.09885252737905831,1
0.09885252737905831,0.10328436102718114,1
0.10328436102718114,0.107716194675304,1
0.107716194675304,0.11214802832342682,1
0.11214802832342682,0.11657986197154965,1
0.7990822437824681,0.8035140774305909,2
0.8035140774305909,0.8079459110787137,2
0.8079459110787137,0.8123777447268365,2
0.8123777447268365,0.8168095783749594,2
0.8168095783749594,0.8212414120230824,2
0.8212414120230824,0.8256732456712053,2
0.8256732456712053,0.8301050793193281,2
0.2628303723596036,0.2672622060077265,3
0.2672622060077265,0.2716940396558493,3
0.2716940396558493,0.2761258733039722,3
0.2761258733039722,0.28055770695209503,3
0.28055770695209503,0.28498954060021786,3
0.28498954060021786,0.2894213742483407,3
0.2894213742483407,0.2938532078964635,3
0.2938532078964635,0.2982850415445864,3
0.2982850415445864,0.3027168751927093,3
0.3027168751927093,0.3071487088408321,3
0.3071487088408321,0.31158054248895495,3
0.31158054248895495,0.3160123761370778,3
0.3160123761370778,0.3204442097852006,3
0.3204442097852006,0.3248760434333235,3
