-0.5531608144659548,-0.5465238044224678,0
-0.5465238044224678,-0.5398867943789809,0
-0.5398867943789809,-0.533249784335494,0
-0.533249784335494,-0.526612774292007,0
-0.526612774292007,-0.5199757642485201,0
0.9733514955360443,0.9799885055795312,1
0.9799885055795312,0.9866255156230181,1
0.9866255156230181,0.9932625256665051,1
0.9932625256665051,0.999899535709992,1
0.22336936062201862,0.23000637066550556,2
0.23000637066550556,0.2366433807089925,2
0.2366433807089925,0.24328039075247943,2
0.24328039075247943,0.24991740079596636,2
0.24991740079596636,0.2565544108394533,2
0.2565544108394533,0.26319142088294023,2
0.26319142088294023,0.2698284309264272,2
0.2698284309264272,0.27646544096991416,2
0.27646544096991416,0.2831024510134011,2
0.2831024510134011,0.28973946105688814,2
0.28973946105688814,0.29637647110037507,2
0.29637647110037507,0.303013481143862,2
