-0.3035646116174757,-0.29905234519392254,0
-0.29905234519392254,-0.29454007877036925,0
-0.29454007877036925,-0.29002781234681607,0
-0.29002781234681607,-0.2855155459232628,0
-0.2855155459232628,-0.2810032794997096,0
-0.2810032794997096,-0.2764910130761563,0
-0.2764910130761563,-0.27197874665260313,0
-0.27197874665260313,-0.26746648022904995,0
-0.26746648022904995,-0.26295421380549666,0
-0.26295421380549666,-0.2584419473819435,0
-0.2584419473819435,-0.2539296809583902,0
-0.2539296809583902,-0.249417414534837,0
-0.249417414534837,-0.24490514811128375,0
-0.24490514811128375,-0.24039288168773054,0
0.5266924103163182,0.5312046767398715,1
0.5312046767398715,0.5357169431634248,1
0.5357169431634248,0.5402292095869778,1
0.5402292095869778,0.5447414760105311,1
0.5447414760105311,0.5492537424340844,1
0.5492537424340844,0.5537660088576377,1
