-0.9921900239773094,-0.9862471024971455,0
-0.9862471024971455,-0.9803041810169815,0
-0.9803041810169815,-0.9743612595368176,0
0.35091023053973913,0.356853152019903,1
0.356853152019903,0.36279607350006693,1
0.36279607350006693,0.3687389949802309,1
0.3687389949802309,0.37468191646039484,1
0.37468191646039484,0.3806248379405588,1
-0.18395270267501473,-0.17800978119485078,2
-0.17800978119485078,-0.17206685971468683,2
-0.17206685971468683,-0.16612393823452298,2
-0.16612393823452298,-0.16018101675435903,2
-0.16018101675435903,-0.15423809527419508,2
-0.15423809527419508,-0.14829517379403112,2
-0.14829517379403112,-0.14235225231386717,2
-0.14235225231386717,-0.13640933083370332,2
