-0.0787936140759848,-0.07448175786528738,0
-0.07448175786528738,-0.07016990165458992,0
-0.07016990165458992,-0.0658580454438925,0
-0.0658580454438925,-0.06154618923319505,0
-0.06154618923319505,-0.057234333022497585,0
-0.057234333022497585,-0.052922476811800165,0
0.8741266084881499,0.8784384646988473,1
0.8784384646988473,0.8827503209095448,1
0.8827503209095448,0.8870621771202424,1
0.8870621771202424,0.8913740333309398,1
0.8913740333309398,0.8956858895416372,1
0.25321931414771826,0.25753117035841566,2
0.25753117035841566,0.2618430265691132,2
0.2618430265691132,0.2661548827798106,2
0.2661548827798106,0.270466738990508,2
0.270466738990508,0.2747785952012055,2
0.2747785952012055,0.2790904514119029,2
0.2790904514119029,0.2834023076226003,2
0.2834023076226003,0.28771416383329784,2
0.28771416383329784,0.29202602004399525,2
0.29202602004399525,0.29633787625469266,2
