-0.45941556310281156,-0.4532353597972542,0
-0.4532353597972542,-0.44705515649169675,0
-0.44705515649169675,-0.4408749531861394,0
-0.4408749531861394,-0.434694749880582,0
-0.434694749880582,-0.42851454657502464,0
0.9867520103976131,0.9929322137031704,1
0.9929322137031704,0.9991124170087278,1
0.9991124170087278,1.0052926203142851,1
0.32547025670297436,0.33165046000853177,2
0.33165046000853177,0.3378306633140891,2
0.3378306633140891,0.3440108666196466,2
0.3440108666196466,0.350191069925204,2
0.350191069925204,0.35637127323076134,2
0.35637127323076134,0.3625514765363187,2
0.3625514765363187,0.36873167984187605,2
0.36873167984187605,0.3749118831474334,2
0.3749118831474334,0.38109208645299075,2
