-0.6558141378685831,-0.6486771461367606,0
-0.6486771461367606,-0.6415401544049382,0
-0.6415401544049382,-0.6344031626731157,0
-0.6344031626731157,-0.6272661709412932,0
-0.6272661709412932,-0.6201291792094707,0
-0.41315641898661853,-0.40601942725479595,1
-0.40601942725479595,-0.3988824355229735,1
-0.3988824355229735,-0.39174544379115095,1
-0.39174544379115095,-0.3846084520593285,1
-0.4702523528411984,-0.4631153611093759,2
-0.4631153611093759,-0.4559783693775534,2
-0.4559783693775534,-0.44884137764573095,2
-0.44884137764573095,-0.4417043859139085,2
-0.4417043859139085,-0.434567394182086,2
-0.434567394182086,-0.42743040245026354,2
0.9500090017914771,0.9571459935232995,3
0.9571459935232995,0.9642829852551222,3
0.9642829852551222,0.9714199769869447,3
0.9714199769869447,0.9785569687187672,3
0.9785569687187672,0.9856939604505897,3
0.1007069857046008,0.10784397743642327,4
0.10784397743642327,0.11498096916824574,4
0.11498096916824574,0.12211796090006827,4
0.12211796090006827,0.12925495263189074,4
0.12925495263189074,0.1363919443637132,4
0.1363919443637132,0.1435289360955358,4
0.1435289360955358,0.15066592782735827,4
0.15066592782735827,0.15780291955918074,4
0.15780291955918074,0.16493991129100327,4
0.16493991129100327,0.17207690302282574,4
