-1.0084256839752197,-1.0031661599827928,0
-1.0031661599827928,-0.9979066359903663,0
-0.9979066359903663,-0.9926471119979396,0
0.1486695943586528,0.1539291183510795,1
0.1539291183510795,0.1591886423435062,1
0.1591886423435062,0.16444816633593287,1
0.16444816633593287,0.1697076903283596,1
0.017181494547985454,0.022441018540412166,2
0.022441018540412166,0.02770054253283885,2
0.02770054253283885,0.032960066525265536,2
0.032960066525265536,0.038219590517692276,2
0.038219590517692276,0.04347911451011896,2
-0.11430660526268185,-0.10904708127025517,3
-0.10904708127025517,-0.10378755727782848,3
-0.10378755727782848,-0.09852803328540174,3
