-0.7764492654800415,-0.7701636418141424,0
-0.7701636418141424,-0.7638780181482434,0
-0.7638780181482434,-0.7575923944823444,0
-0.7575923944823444,-0.7513067708164454,0
-0.7513067708164454,-0.7450211471505463,0
-0.7450211471505463,-0.7387355234846473,0
0.22925052106380456,0.2355361447297037,1
0.2355361447297037,0.2418217683956027,1
0.2418217683956027,0.24810739206150173,1
0.24810739206150173,0.2543930157274008,1
0.2543930157274008,0.2606786393932998,1
0.2606786393932998,0.26696426305919885,1
-0.022174425572156875,-0.015888801906257854,2
-0.015888801906257854,-0.009603178240358834,2
-0.009603178240358834,-0.0033175545744598134,2
-0.0033175545744598134,0.002968069091439207,2
0.002968069091439207,0.009253692757338339,2
0.009253692757338339,0.01553931642323736,2
0.01553931642323736,0.02182494008913638,2
0.02182494008913638,0.0281105637550354,2
0.0281105637550354,0.03439618742093442,2
0.03439618742093442,0.04068181108683344,2
0.04068181108683344,0.04696743475273246,2
0.4555329730361699,0.461818596702069,3
0.461818596702069,0.468104220367968,3
0.468104220367968,0.47438984403386714,3
0.47438984403386714,0.48067546769976616,3
0.48067546769976616,0.48696109136566523,3
0.27324988672509787,0.2795355103909969,4
0.2795355103909969,0.2858211340568959,4
0.2858211340568959,0.292106757722795,4
0.292106757722795,0.298392381388694,4
0.298392381388694,0.304678005054593,4
