0.39786729711107904,0.4045224504731595,0
0.4045224504731595,0.41117760383523994,0
0.41117760383523994,0.4178327571973204,0
0.4178327571973204,0.4244879105594008,0
0.4244879105594008,0.4311430639214813,0
0.4311430639214813,0.4377982172835618,0
0.4377982172835618,0.4444533706456422,0
0.4444533706456422,0.45110852400772267,0
0.45110852400772267,0.4577636773698032,0
0.4577636773698032,0.46441883073188367,0
0.46441883073188367,0.4710739840939641,0
0.4710739840939641,0.4777291374560446,0
0.4777291374560446,0.48438429081812506,0
0.48438429081812506,0.4910394441802055,0
