-0.5204423396009952,-0.5138179215975105,0
-0.5138179215975105,-0.507193503594026,0
-0.507193503594026,-0.5005690855905414,0
-0.5005690855905414,-0.4939446675870567,0
-0.4939446675870567,-0.4873202495835722,0
-0.4873202495835722,-0.48069583158008755,0
-0.3084609634894877,-0.3018365454860032,1
-0.3018365454860032,-0.29521212748251857,1
-0.29521212748251857,-0.2885877094790339,1
-0.3349586355034262,-0.3283342174999415,2
-0.3283342174999415,-0.321709799496457,2
-0.321709799496457,-0.3150853814929724,2
-0.3150853814929724,-0.3084609634894877,2
0.9700517111830413,0.976676129186526,3
0.976676129186526,0.9833005471900105,3
0.9833005471900105,0.9899249651934952,3
0.9899249651934952,0.9965493831969797,3
0.20161922277882693,0.2082436407823116,4
0.2082436407823116,0.21486805878579612,4
0.21486805878579612,0.22149247678928075,4
0.22149247678928075,0.22811689479276542,4
0.22811689479276542,0.23474131279624993,4
0.23474131279624993,0.24136573079973456,4
0.24136573079973456,0.24799014880321923,4
0.24799014880321923,0.25461456680670386,4
0.25461456680670386,0.26123898481018837,4
0.26123898481018837,0.26786340281367305,4
0.26786340281367305,0.27448782081715767,4
0.27448782081715767,0.2811122388206422,4
0.2811122388206422,0.28773665682412686,4
