-0.1856512597762048,-0.17958024859428404,0
-0.17958024859428404,-0.17350923741236335,0
-0.17350923741236335,-0.16743822623044258,0
-0.16743822623044258,-0.1613672150485218,0
0.06933120986446739,0.07540222104638816,1
0.07540222104638816,0.08147323222830893,1
0.08147323222830893,0.0875442434102297,1
0.0875442434102297,0.09361525459215048,1
0.09361525459215048,0.09968626577407125,1
0.09968626577407125,0.10575727695599202,1
0.10575727695599202,0.11182828813791279,1
0.01469210922718045,0.02076312040910122,2
0.02076312040910122,0.026834131591021992,2
0.026834131591021992,0.032905142772942764,2
0.032905142772942764,0.038976153954863535,2
0.9435568200610579,0.9496278312429786,3
0.9496278312429786,0.9556988424248994,3
0.9556988424248994,0.9617698536068201,3
0.9617698536068201,0.967840864788741,3
0.5610831156000494,0.5671541267819703,4
0.5671541267819703,0.573225137963891,4
0.573225137963891,0.5792961491458118,4
0.5792961491458118,0.5853671603277325,4
0.5853671603277325,0.5914381715096534,4
0.5914381715096534,0.597509182691574,4
0.597509182691574,0.6035801938734949,4
0.6035801938734949,0.6096512050554156,4
0.6096512050554156,0.6157222162373365,4
0.6157222162373365,0.6217932274192571,4
0.6217932274192571,0.627864238601178,4
0.627864238601178,0.6339352497830987,4
0.6339352497830987,0.6400062609650194,4
0.6400062609650194,0.6460772721469402,4
0.6460772721469402,0.6521482833288611,4
0.6521482833288611,0.6582192945107818,4
0.6582192945107818,0.6642903056927025,4
0.6642903056927025,0.6703613168746233,4
0.6703613168746233,0.6764323280565441,4
0.6764323280565441,0.6825033392384648,4
0.6825033392384648,0.6885743504203856,4
0.6885743504203856,0.6946453616023064,4
0.6946453616023064,0.700716372784227,4
0.700716372784227,0.7067873839661479,4
0.7067873839661479,0.7128583951480686,4
0.7128583951480686,0.7189294063299895,4
0.7189294063299895,0.7250004175119101,4
0.7250004175119101,0.731071428693831,4
0.731071428693831,0.7371424398757517,4
0.7371424398757517,0.7432134510576726,4
0.7432134510576726,0.7492844622395932,4
0.7492844622395932,0.7553554734215141,4
0.7553554734215141,0.7614264846034348,4
0.7614264846034348,0.7674974957853556,4
0.7674974957853556,0.7735685069672763,4
0.7735685069672763,0.7796395181491972,4
0.7796395181491972,0.7857105293311178,4
