-0.15251805404666813,-0.14743421837687493,0
-0.14743421837687493,-0.14235038270708172,0
-0.14235038270708172,-0.13726654703728852,0
-0.13726654703728852,-0.13218271136749532,0
-0.05084134065080431,-0.04575750498101114,1
-0.04575750498101114,-0.040673669311217936,1
-0.040673669311217936,-0.03558983364142476,1
-0.03558983364142476,-0.03050599797163156,1
-0.03050599797163156,-0.025422162301838386,1
-0.025422162301838386,-0.020338326632045184,1
-0.020338326632045184,-0.01525449096225201,1
-0.01525449096225201,-0.010170655292458808,1
-0.010170655292458808,-0.005086819622665634,1
-0.005086819622665634,-2.9839528724318054e-06,1
-2.9839528724318054e-06,0.005080851716920742,1
0.0355838657356799,0.04066770140547307,2
0.04066770140547307,0.045751537075266274,2
0.045751537075266274,0.050835372745059476,2
0.050835372745059476,0.05591920841485268,2
0.05591920841485268,0.0610030440846458,2
0.0610030440846458,0.066086879754439,2
0.066086879754439,0.0711707154242322,2
0.981177300317213,0.9862611359870063,3
0.9862611359870063,0.9913449716567994,3
0.23385345685761422,0.23893729252740742,4
0.23893729252740742,0.24402112819720062,4
0.24402112819720062,0.2491049638669938,4
0.2491049638669938,0.25418879953678697,4
0.25418879953678697,0.25927263520658017,4
0.25927263520658017,0.2643564708763734,4
0.2643564708763734,0.2694403065461666,4
