-0.04992469882126893,-0.044112546732649194,0
-0.044112546732649194,-0.038300394644029456,0
-0.038300394644029456,-0.03248824255540972,0
-0.03248824255540972,-0.02667609046678987,0
-0.02667609046678987,-0.020863938378170133,0
0.21743429725524033,0.22324644934386018,1
0.22324644934386018,0.2290586014324799,1
0.2290586014324799,0.23487075352109968,1
0.23487075352109968,0.24068290560971947,1
0.24068290560971947,0.24649505769833924,1
0.24649505769833924,0.252307209786959,1
0.252307209786959,0.2581193618755787,1
0.2581193618755787,0.26393151396419845,1
0.26393151396419845,0.2697436660528183,1
0.2697436660528183,0.27555581814143815,1
0.10119125548284502,0.10700340757146476,2
0.10700340757146476,0.1128155596600845,2
0.9846383729530499,0.9904505250416695,3
0.9904505250416695,0.9962626771302894,3
0.9962626771302894,1.002074829218909,3
0.4150474682683125,0.42085962035693236,4
0.42085962035693236,0.426671772445552,4
0.426671772445552,0.43248392453417184,4
0.43248392453417184,0.43829607662279163,4
0.43829607662279163,0.4441082287114113,4
0.4441082287114113,0.44992038080003116,4
