-0.053565332425059745,-0.04925657290266826,0
-0.04925657290266826,-0.04494781338027678,0
-0.04494781338027678,-0.04063905385788529,0
-0.04063905385788529,-0.03633029433549382,0
-0.03633029433549382,-0.03202153481310234,0
-0.03202153481310234,-0.027712775290710853,0
0.07138869372429327,0.07569745324668474,1
0.07569745324668474,0.08000621276907624,1
0.08000621276907624,0.08431497229146771,1
0.08431497229146771,0.08862373181385919,1
0.08862373181385919,0.09293249133625069,1
0.09293249133625069,0.09724125085864216,1
0.9934632315160707,0.9977719910384621,2
0.9977719910384621,1.0020807505608538,2
1.0020807505608538,1.006389510083245,2
0.17910768178408035,0.18341644130647183,3
0.18341644130647183,0.18772520082886332,3
0.18772520082886332,0.19203396035125475,3
0.19203396035125475,0.19634271987364627,3
0.19634271987364627,0.20065147939603778,3
0.20065147939603778,0.20496023891842927,3
0.20496023891842927,0.2092689984408207,3
0.2092689984408207,0.2135777579632122,3
0.2135777579632122,0.2178865174856037,3
0.2178865174856037,0.22219527700799513,3
0.22219527700799513,0.22650403653038664,3
0.22650403653038664,0.23081279605277816,3
0.23081279605277816,0.23512155557516964,3
0.23512155557516964,0.23943031509756107,3
0.23943031509756107,0.2437390746199526,3
0.2437390746199526,0.24804783414234408,3
0.24804783414234408,0.25235659366473556,3
0.25235659366473556,0.256665353187127,3
0.256665353187127,0.26097411270951854,3
0.26097411270951854,0.26528287223191005,3
0.26528287223191005,0.26959163175430145,3
0.26959163175430145,0.27390039127669297,3
0.27390039127669297,0.2782091507990845,3
0.2782091507990845,0.28251791032147594,3
0.28251791032147594,0.2868266698438674,3
0.2868266698438674,0.2911354293662589,3
0.2911354293662589,0.2954441888886504,3
0.2954441888886504,0.29975294841104183,3
