-0.6016714551486075,-0.5948749458137901,0
-0.5948749458137901,-0.5880784364789724,0
-0.5880784364789724,-0.5812819271441549,0
-0.5812819271441549,-0.5744854178093375,0
0.845985033167526,0.8527815425023437,1
0.8527815425023437,0.8595780518371612,1
0.8595780518371612,0.8663745611719786,1
0.8663745611719786,0.8731710705067963,1
0.8731710705067963,0.8799675798416138,1
0.11875853434205053,0.1255550436768681,2
0.1255550436768681,0.13235155301168566,2
0.13235155301168566,0.13914806234650312,2
0.13914806234650312,0.14594457168132063,2
0.14594457168132063,0.1527410810161382,2
0.1527410810161382,0.15953759035095572,2
0.15953759035095572,0.16633409968577323,2
0.16633409968577323,0.1731306090205908,2
0.1731306090205908,0.1799271183554083,2
0.1799271183554083,0.18672362769022582,2
