0.1704215376917273,0.17526397623121737,0
0.17526397623121737,0.18010641477070752,0
0.18010641477070752,0.18494885331019761,0
0.18494885331019761,0.18979129184968768,0
0.18979129184968768,0.19463373038917778,0
0.19463373038917778,0.19947616892866793,0
-0.013591126808896625,-0.008748688269406557,1
-0.008748688269406557,-0.003906249729916489,1
-0.003906249729916489,0.0009361888095736903,1
0.0009361888095736903,0.0057786273490637585,1
0.0057786273490637585,0.010621065888553827,1
0.010621065888553827,0.015463504428043978,1
0.015463504428043978,0.020305942967534074,1
-0.2218159840069711,-0.21697354546748104,2
-0.21697354546748104,-0.2121311069279909,2
-0.2121311069279909,-0.2072886683885008,2
-0.2072886683885008,-0.20244622984901073,2
-0.20244622984901073,-0.19760379130952058,2
-0.19760379130952058,-0.19276135277003048,2
-0.19276135277003048,-0.1879189142305404,2
-0.1879189142305404,-0.18307647569105032,2
