-0.865756196975708,-0.8611190748354421,0
-0.8611190748354421,-0.856481952695176,0
-0.856481952695176,-0.8518448305549101,0
-0.8518448305549101,-0.847207708414644,0
-0.04498557814862583,-0.04034845600835982,1
-0.04034845600835982,-0.0357113338680938,1
-0.0357113338680938,-0.031074211727827816,1
-0.031074211727827816,-0.0264370895875618,1
-0.0264370895875618,-0.021799967447295787,1
-0.22119621947873386,-0.21655909733846784,2
-0.21655909733846784,-0.21192197519820188,2
-0.21192197519820188,-0.20728485305793587,2
-0.20728485305793587,-0.20264773091766988,2
-0.20264773091766988,-0.19801060877740387,2
-0.19801060877740387,-0.19337348663713785,2
-0.19337348663713785,-0.18873636449687184,2
0.16832204030361025,0.17295916244387627,3
0.17295916244387627,0.17759628458414228,3
0.17759628458414228,0.18223340672440827,3
0.019934131815098205,0.02457125395536422,4
0.02457125395536422,0.029208376095630206,4
0.029208376095630206,0.03384549823589622,4
0.03384549823589622,0.03848262037616221,4
