-1.0056309795216658,-1.001238921848126,0
-1.001238921848126,-0.9968468641745858,0
-0.9968468641745858,-0.9924548065010459,0
-0.17992413689615205,-0.17553207922261208,1
-0.17553207922261208,-0.17114002154907215,1
-0.17114002154907215,-0.16674796387553215,1
-0.6806187116797082,-0.6762266540061683,2
-0.6762266540061683,-0.6718345963326282,2
-0.6718345963326282,-0.6674425386590883,2
-0.6674425386590883,-0.6630504809855484,2
-0.6630504809855484,-0.6586584233120083,2
-0.6586584233120083,-0.6542663656384684,2
-0.6542663656384684,-0.6498743079649285,2
-0.6498743079649285,-0.6454822502913884,2
-0.6454822502913884,-0.6410901926178485,2
-0.6410901926178485,-0.6366981349443086,2
-0.6366981349443086,-0.6323060772707685,2
-0.6323060772707685,-0.6279140195972286,2
-0.6279140195972286,-0.6235219619236887,2
-0.6235219619236887,-0.6191299042501487,2
-0.6191299042501487,-0.6147378465766087,2
-0.6147378465766087,-0.6103457889030688,2
-0.6103457889030688,-0.6059537312295289,2
-0.6059537312295289,-0.6015616735559888,2
-0.6015616735559888,-0.5971696158824489,2
-0.5971696158824489,-0.592777558208909,2
-0.592777558208909,-0.5883855005353689,2
-0.5883855005353689,-0.583993442861829,2
-0.583993442861829,-0.5796013851882891,2
-0.5796013851882891,-0.575209327514749,2
-0.575209327514749,-0.5708172698412091,2
-0.5708172698412091,-0.5664252121676692,2
-0.5664252121676692,-0.562033154494129,2
-0.562033154494129,-0.5576410968205892,2
-0.5576410968205892,-0.5532490391470493,2
-0.5532490391470493,-0.5488569814735091,2
-0.5488569814735091,-0.5444649237999692,2
-0.5444649237999692,-0.5400728661264294,2
-0.5400728661264294,-0.5356808084528892,2
-0.5356808084528892,-0.5312887507793493,2
-0.5312887507793493,-0.5268966931058094,2
-0.5268966931058094,-0.5225046354322693,2
-0.5225046354322693,-0.5181125777587294,2
-0.5181125777587294,-0.5137205200851895,2
-0.5137205200851895,-0.5093284624116495,2
-0.5093284624116495,-0.5049364047381095,2
-0.5049364047381095,-0.5005443470645696,2
0.03089463143376632,0.0352866891073063,3
0.0352866891073063,0.039678746780846263,3
0.039678746780846263,0.04407080445438623,3
0.04407080445438623,0.0484628621279262,3
0.0484628621279262,0.05285491980146616,3
0.05285491980146616,0.05724697747500613,3
0.05724697747500613,0.06163903514854609,3
-0.10525915644597263,-0.10086709877243266,4
