0.18476286727935076,0.18952800420112906,0
0.18952800420112906,0.19429314112290738,0
0.19429314112290738,0.19905827804468568,0
0.19905827804468568,0.20382341496646403,0
0.20382341496646403,0.20858855188824232,0
0.20858855188824232,0.21335368881002068,0
0.21335368881002068,0.21811882573179897,0
0.21811882573179897,0.22288396265357732,0
0.22288396265357732,0.22764909957535562,0
0.22764909957535562,0.23241423649713397,0
0.23241423649713397,0.23717937341891226,0
0.23717937341891226,0.24194451034069062,0
0.24194451034069062,0.2467096472624689,0
