-0.29656300574541095,-0.2910821456462145,0
-0.2910821456462145,-0.285601285547018,0
-0.285601285547018,-0.28012042544782156,0
-0.28012042544782156,-0.2746395653486252,0
-0.2746395653486252,-0.26915870524942875,0
-0.26915870524942875,-0.2636778451502323,0
-0.2636778451502323,-0.25819698505103583,0
-0.25819698505103583,-0.2527161249518395,0
-0.2527161249518395,-0.24723526485264302,0
-0.24723526485264302,-0.24175440475344656,0
-0.24175440475344656,-0.23627354465425013,0
-0.23627354465425013,-0.23079268455505372,0
