0.21008512957021594,0.21621933302842078,0
0.21621933302842078,0.22235353648662567,0
0.22235353648662567,0.22848773994483051,0
0.22848773994483051,0.23462194340303535,0
0.23462194340303535,0.24075614686124025,0
0.24075614686124025,0.2468903503194451,0
0.2468903503194451,0.25302455377765,0
0.25302455377765,0.2591587572358548,0
0.2591587572358548,0.2652929606940597,0
0.2652929606940597,0.27142716415226453,0
0.27142716415226453,0.27756136761046946,0
0.27756136761046946,0.28369557106867427,0
0.28369557106867427,0.2898297745268792,0
0.2898297745268792,0.295963977985084,0
0.295963977985084,0.3020981814432889,0
