-0.9779136744700372,-0.971260658018291,0
-0.971260658018291,-0.9646076415665448,0
-0.9646076415665448,-0.9579546251147986,0
-0.9579546251147986,-0.9513016086630524,0
0.18636420458555225,0.19301722103729846,1
0.19301722103729846,0.19967023748904467,1
0.19967023748904467,0.20632325394079087,1
0.20632325394079087,0.21297627039253708,1
0.21297627039253708,0.2196292868442833,1
0.2196292868442833,0.2262823032960295,1
-0.23277583187445994,-0.22612281542271373,2
-0.22612281542271373,-0.21946979897096752,2
-0.21946979897096752,-0.21281678251922131,2
-0.21281678251922131,-0.2061637660674751,2
-0.2061637660674751,-0.1995107496157289,2
-0.1995107496157289,-0.19285773316398264,2
-0.19285773316398264,-0.18620471671223643,2
-0.18620471671223643,-0.17955170026049022,2
-0.17955170026049022,-0.1728986838087439,2
-0.1728986838087439,-0.1662456673569977,2
-0.1662456673569977,-0.1595926509052515,2
-0.1595926509052515,-0.15293963445350522,2
-0.15293963445350522,-0.14628661800175902,2
-0.14628661800175902,-0.1396336015500128,2
-0.1396336015500128,-0.1329805850982666,2
-0.1329805850982666,-0.1263275686465204,2
-0.1263275686465204,-0.11967455219477419,2
-0.11967455219477419,-0.11302153574302798,2
-0.11302153574302798,-0.10636851929128166,2
-0.10636851929128166,-0.09971550283953545,2
-0.09971550283953545,-0.09306248638778924,2
-0.09306248638778924,-0.08640946993604304,2
0.5389740765281021,0.5456270929798483,3
0.5456270929798483,0.5522801094315946,3
0.5522801094315946,0.5589331258833408,3
0.5589331258833408,0.565586142335087,3
0.565586142335087,0.5722391587868332,3
0.2795064349099994,0.2861594513617456,4
0.2861594513617456,0.2928124678134918,4
0.2928124678134918,0.299465484265238,4
0.299465484265238,0.3061185007169842,4
