-0.33911334528587755,-0.33311091970652335,0
-0.33311091970652335,-0.32710849412716925,0
-0.32710849412716925,-0.321106068547815,0
-0.321106068547815,-0.31510364296846094,0
-0.31510364296846094,-0.3091012173891067,0
-0.3091012173891067,-0.30309879180975263,0
-0.30309879180975263,-0.29709636623039837,0
-0.29709636623039837,-0.29109394065104427,0
-0.29109394065104427,-0.28509151507169006,0
-0.28509151507169006,-0.27908908949233585,0
-0.27908908949233585,-0.27308666391298175,0
-0.27308666391298175,-0.2670842383336275,0
-0.2670842383336275,-0.26108181275427345,0
-0.26108181275427345,-0.2550793871749192,0
-0.2550793871749192,-0.24907696159556506,0
-0.24907696159556506,-0.24307453601621087,0
