0.812395850289613,0.8187480905558914,0
0.8187480905558914,0.8251003308221697,0
0.8251003308221697,0.8314525710884481,0
0.8314525710884481,0.8378048113547266,0
0.8378048113547266,0.844157051621005,0
0.844157051621005,0.8505092918872833,0
-0.07691778698936103,-0.07056554672308268,1
-0.07056554672308268,-0.06421330645680423,1
-0.06421330645680423,-0.05786106619052589,1
-0.05786106619052589,-0.05150882592424755,1
-0.05150882592424755,-0.045156585657969095,1
-0.045156585657969095,-0.03880434539169075,1
-0.03880434539169075,-0.0324521051254123,1
-0.0324521051254123,-0.02609986485913396,1
