-0.19123590870294715,-0.18578823353163895,0
-0.18578823353163895,-0.1803405583603307,0
-0.1803405583603307,-0.17489288318902252,0
-0.17489288318902252,-0.16944520801771432,0
-0.16944520801771432,-0.16399753284640606,0
-0.16399753284640606,-0.15854985767509785,0
-0.15854985767509785,-0.1531021825037896,0
-0.1531021825037896,-0.1476545073324814,0
-0.1476545073324814,-0.14220683216117322,0
-0.14220683216117322,-0.13675915698986496,0
-0.13675915698986496,-0.13131148181855676,0
-0.13131148181855676,-0.1258638066472485,0
-0.1258638066472485,-0.1204161314759403,0
-0.1204161314759403,-0.11496845630463212,0
