-0.671249326299876,-0.6648636775184422,0
-0.6648636775184422,-0.6584780287370087,0
-0.6584780287370087,-0.6520923799555749,0
-0.6520923799555749,-0.6457067311741411,0
-0.6457067311741411,-0.6393210823927074,0
-0.6393210823927074,-0.6329354336112738,0
0.7144364592712373,0.7208221080526709,1
0.7208221080526709,0.7272077568341047,1
0.7272077568341047,0.7335934056155384,1
0.7335934056155384,0.739979054396972,1
0.739979054396972,0.7463647031784058,1
-0.24341085794381795,-0.2370252091623843,2
-0.2370252091623843,-0.23063956038095057,2
-0.23063956038095057,-0.22425391159951685,2
-0.22425391159951685,-0.2178682628180832,2
-0.2178682628180832,-0.21148261403664947,2
-0.21148261403664947,-0.20509696525521576,2
-0.20509696525521576,-0.1987113164737821,2
-0.1987113164737821,-0.19232566769234838,2
-0.19232566769234838,-0.1859400189109146,2
