-0.8390929718501866,-0.8316770898085087,0
-0.8316770898085087,-0.8242612077668309,0
-0.8242612077668309,-0.816845325725153,0
-0.816845325725153,-0.8094294436834752,0
-0.8094294436834752,-0.8020135616417975,0
0.859144015694037,0.8665598977357148,1
0.8665598977357148,0.8739757797773927,1
0.8739757797773927,0.8813916618190706,1
0.8813916618190706,0.8888075438607485,1
0.8888075438607485,0.8962234259024263,1
0.8962234259024263,0.903639307944104,1
-0.31256534689106047,-0.3051494648493826,2
-0.3051494648493826,-0.29773358280770484,2
-0.29773358280770484,-0.290317700766027,2
-0.290317700766027,-0.28290181872434916,2
-0.28290181872434916,-0.2754859366826713,2
-0.2754859366826713,-0.2680700546409934,2
-0.2680700546409934,-0.2606541725993156,2
-0.2606541725993156,-0.25323829055763786,2
-0.25323829055763786,-0.24582240851596,2
-0.24582240851596,-0.23840652647428218,2
