-0.6828526628017425,-0.6765780922677368,0
-0.6765780922677368,-0.6703035217337311,0
-0.6703035217337311,-0.6640289511997252,0
-0.6640289511997252,-0.6577543806657195,0
-0.6577543806657195,-0.6514798101317137,0
0.6787291430775076,0.6850037136115134,1
0.6850037136115134,0.6912782841455191,1
0.6912782841455191,0.6975528546795248,1
0.6975528546795248,0.7038274252135307,1
0.7038274252135307,0.7101019957475364,1
0.1391160771530121,0.14539064768701793,2
0.14539064768701793,0.15166521822102363,2
0.15166521822102363,0.15793978875502945,2
0.15793978875502945,0.16421435928903516,2
0.16421435928903516,0.17048892982304098,2
0.17048892982304098,0.1767635003570467,2
0.1767635003570467,0.1830380708910525,2
0.1830380708910525,0.18931264142505821,2
0.18931264142505821,0.19558721195906398,2
0.19558721195906398,0.2018617824930698,2
