-0.7610962186101824,-0.7549922463297845,0
-0.7549922463297845,-0.7488882740493863,0
-0.7488882740493863,-0.7427843017689884,0
-0.7427843017689884,-0.7366803294885904,0
-0.7366803294885904,-0.7305763572081923,0
-0.5596651333570482,-0.55356116107665,1
-0.55356116107665,-0.547457188796252,1
-0.547457188796252,-0.5413532165158541,1
-0.5413532165158541,-0.535249244235456,1
-0.535249244235456,-0.529145271955058,1
-0.529145271955058,-0.5230412996746601,1
-0.5230412996746601,-0.5169373273942619,1
-0.5169373273942619,-0.510833355113864,1
-0.510833355113864,-0.504729382833466,1
-0.504729382833466,-0.49862541055306786,1
-0.49862541055306786,-0.4925214382726699,1
-0.4925214382726699,-0.486417465992272,1
-0.486417465992272,-0.4803134937118738,1
-0.4803134937118738,-0.4742095214314759,1
-0.4742095214314759,-0.46810554915107794,1
0.5634657662361859,0.5695697385165841,2
0.5695697385165841,0.575673710796982,2
0.575673710796982,0.58177768307738,2
0.58177768307738,0.5878816553577781,2
0.5878816553577781,0.5939856276381761,2
0.5939856276381761,0.600089599918574,2
0.600089599918574,0.6061935721989722,2
-0.39485788178630177,-0.38875390950590377,3
-0.38875390950590377,-0.38264993722550567,3
-0.38264993722550567,-0.3765459649451077,3
-0.3765459649451077,-0.37044199266470973,3
-0.37044199266470973,-0.3643380203843116,3
-0.3643380203843116,-0.3582340481039137,3
-0.3582340481039137,-0.3521300758235157,3
-0.3521300758235157,-0.3460261035431176,3
-0.3460261035431176,-0.33992213126271964,3
-0.33992213126271964,-0.3338181589823217,3
-0.3338181589823217,-0.32771418670192354,3
-0.32771418670192354,-0.3216102144215256,3
-0.3216102144215256,-0.31550624214112766,3
-0.31550624214112766,-0.30940226986072955,3
-0.30940226986072955,-0.30329829758033156,3
