-0.051321274661459054,-0.04654015704756603,0
-0.04654015704756603,-0.04175903943367301,0
-0.04175903943367301,-0.03697792181978002,0
-0.03697792181978002,-0.032196804205887025,0
0.10167448898311704,0.10645560659701003,1
0.10645560659701003,0.11123672421090303,1
0.11123672421090303,0.11601784182479602,1
0.11601784182479602,0.12079895943868901,1
0.12079895943868901,0.12558007705258206,1
0.04908219523029403,0.05386331284418702,2
0.9909623651672155,0.9957434827811085,3
0.9957434827811085,1.0005246003950015,3
1.0005246003950015,1.0053057180088942,3
0.30726254638051614,0.31204366399440914,4
0.31204366399440914,0.3168247816083022,4
0.3168247816083022,0.3216058992221952,4
0.3216058992221952,0.3263870168360882,4
0.3263870168360882,0.33116813444998117,4
0.33116813444998117,0.33594925206387416,4
