-0.6495330479741097,-0.6422586905304342,0
-0.6422586905304342,-0.6349843330867588,0
-0.6349843330867588,-0.6277099756430835,0
-0.6277099756430835,-0.620435618199408,0
-0.620435618199408,-0.6131612607557326,0
-0.37310746511444454,-0.3658331076707691,1
-0.3658331076707691,-0.3585587502270937,1
-0.3585587502270937,-0.35128439278341833,1
-0.35128439278341833,-0.3440100353397429,1
-0.3440100353397429,-0.3367356778960675,1
-0.3367356778960675,-0.3294613204523921,1
-0.3294613204523921,-0.3221869630087167,1
-0.3221869630087167,-0.3149126055650413,1
-0.3149126055650413,-0.3076382481213659,1
-0.3076382481213659,-0.3003638906776905,1
-0.3003638906776905,-0.2930895332340151,1
-0.2930895332340151,-0.2858151757903397,1
-0.2858151757903397,-0.2785408183466643,1
0.9362768747471273,0.9435512321908026,2
0.9435512321908026,0.9508255896344782,2
0.9508255896344782,0.9580999470781535,2
0.9580999470781535,0.9653743045218288,2
0.9653743045218288,0.9726486619655044,2
-0.05303573759272695,-0.04576138014905151,3
-0.04576138014905151,-0.038487022705376184,3
-0.038487022705376184,-0.031212665261700745,3
-0.031212665261700745,-0.023938307818025306,3
-0.023938307818025306,-0.01666395037434998,3
-0.01666395037434998,-0.00938959293067454,3
-0.00938959293067454,-0.002115235486999101,3
-0.002115235486999101,0.005159121956676227,3
