-0.9610105558950454,-0.9547344105876981,0
-0.9547344105876981,-0.9484582652803509,0
-0.9484582652803509,-0.9421821199730039,0
-0.9421821199730039,-0.9359059746656567,0
0.4197414117213339,0.426017557028681,1
0.426017557028681,0.43229370233602815,1
0.43229370233602815,0.43856984764337537,1
0.43856984764337537,0.4448459929507226,1
0.4448459929507226,0.4511221382580698,1
-0.17649239247664805,-0.17021624716930095,2
-0.17021624716930095,-0.16394010186195374,2
-0.16394010186195374,-0.15766395655460652,2
-0.15766395655460652,-0.15138781124725942,2
-0.15138781124725942,-0.1451116659399122,2
-0.1451116659399122,-0.138835520632565,2
-0.138835520632565,-0.1325593753252179,2
-0.1325593753252179,-0.12628323001787067,2
-0.12628323001787067,-0.12000708471052346,2
