-0.06186591969802974,-0.05686211711727082,0
-0.05686211711727082,-0.05185831453651191,0
-0.05185831453651191,-0.046854511955752964,0
-0.046854511955752964,-0.04185070937499405,0
-0.04185070937499405,-0.03684690679423511,0
-0.03684690679423511,-0.03184310421347619,0
-0.03184310421347619,-0.02683930163271725,0
0.9889326222613453,0.9939364248421043,1
0.9939364248421043,0.9989402274228633,1
0.9989402274228633,1.003944030003622,1
0.2583774454705417,0.26338124805130064,2
0.26338124805130064,0.26838505063205953,2
0.26838505063205953,0.2733888532128185,2
0.2733888532128185,0.2783926557935774,2
0.2783926557935774,0.28339645837433636,2
0.28339645837433636,0.2884002609550953,2
0.2884002609550953,0.29340406353585424,2
0.29340406353585424,0.29840786611661313,2
0.29840786611661313,0.30341166869737207,2
0.30341166869737207,0.308415471278131,2
