0.34644290222786367,0.3511152377957478,0
0.3511152377957478,0.355787573363632,0
0.355787573363632,0.36045990893151614,0
0.36045990893151614,0.3651322444994003,0
0.3651322444994003,0.36980458006728445,0
0.36980458006728445,0.3744769156351686,0
0.3744769156351686,0.37914925120305276,0
0.37914925120305276,0.3838215867709369,0
0.3838215867709369,0.3884939223388211,0
0.3884939223388211,0.39316625790670523,0
0.39316625790670523,0.39783859347458933,0
0.608093694029376,0.6127660295972601,1
0.6127660295972601,0.6174383651651443,1
0.6174383651651443,0.6221107007330284,1
0.6221107007330284,0.6267830363009126,1
0.6267830363009126,0.6314553718687967,1
0.6314553718687967,0.6361277074366809,1
0.6361277074366809,0.6408000430045651,1
0.6408000430045651,0.6454723785724492,1
0.6454723785724492,0.6501447141403334,1
0.6501447141403334,0.6548170497082173,1
0.6548170497082173,0.6594893852761015,1
0.6594893852761015,0.6641617208439856,1
0.6641617208439856,0.6688340564118698,1
0.6688340564118698,0.6735063919797539,1
