-0.7782266337331384,-0.7718055380694567,0
-0.7718055380694567,-0.7653844424057751,0
-0.7653844424057751,-0.7589633467420934,0
-0.7589633467420934,-0.752542251078412,0
-0.752542251078412,-0.7461211554147303,0
-0.7461211554147303,-0.7397000597510487,0
-0.7397000597510487,-0.733278964087367,0
0.6600987949315459,0.6665198905952275,1
0.6665198905952275,0.6729409862589091,1
0.6729409862589091,0.6793620819225906,1
0.6793620819225906,0.6857831775862723,1
0.6857831775862723,0.6922042732499539,1
0.6922042732499539,0.6986253689136356,1
0.1849377158191055,0.19135881148278716,2
0.19135881148278716,0.1977799071464687,2
0.1977799071464687,0.20420100281015036,2
0.20420100281015036,0.21062209847383195,2
0.21062209847383195,0.2170431941375136,2
0.2170431941375136,0.22346428980119526,2
0.22346428980119526,0.2298853854648769,2
0.2298853854648769,0.2363064811285585,2
0.2363064811285585,0.24272757679224016,2
0.24272757679224016,0.24914867245592182,2
0.24914867245592182,0.25556976811960336,2
