-0.9994967858446762,-0.9944134887959808,0
-0.9944134887959808,-0.9893301917472854,0
-0.9893301917472854,-0.9842468946985901,0
0.11374526781961322,0.11882856486830859,1
0.11882856486830859,0.12391186191700401,1
0.12391186191700401,0.1289951589656994,1
0.1289951589656994,0.13407845601439478,1
-0.043836940689943676,-0.03875364364124831,2
-0.03875364364124831,-0.03367034659255294,2
-0.03367034659255294,-0.028587049543857546,2
-0.028587049543857546,-0.023503752495162178,2
-0.023503752495162178,-0.018420455446466782,2
-0.018420455446466782,-0.013337158397771415,2
-0.013337158397771415,-0.00825386134907602,2
-0.20650244624819603,-0.20141914919950063,3
-0.20141914919950063,-0.19633585215080526,3
-0.19633585215080526,-0.1912525551021099,3
-0.1912525551021099,-0.1861692580534145,3
-0.1861692580534145,-0.18108596100471913,3
-0.18108596100471913,-0.17600266395602376,3
-0.17600266395602376,-0.1709193669073283,3
-0.1709193669073283,-0.16583606985863295,3
-0.16583606985863295,-0.16075277280993758,3
-0.16075277280993758,-0.1556694757612422,3
-0.1556694757612422,-0.15058617871254681,3
