-2.671875,-0.25,-2.625,-0.21875,0
2.4375,0.0,2.484375,0.03125,1
1.546875,-1.4375,1.59375,-1.40625,2
1.546875,-1.40625,1.59375,-1.375,2
1.59375,-1.46875,1.640625,-1.4375,2
1.59375,-1.4375,1.640625,-1.40625,2
1.59375,-1.40625,1.640625,-1.375,2
1.640625,-1.40625,1.6875,-1.375,2
1.59375,-1.375,1.640625,-1.34375,2
1.59375,-1.34375,1.640625,-1.3125,2
1.640625,-1.375,1.6875,-1.34375,2
1.640625,-1.34375,1.6875,-1.3125,2
1.640625,-1.3125,1.6875,-1.28125,2
1.6875,-1.375,1.734375,-1.34375,2
1.6875,-1.34375,1.734375,-1.3125,2
-0.234375,-0.46875,-0.1875,-0.4375,3
-0.234375,-0.4375,-0.1875,-0.40625,3
-0.1875,-0.46875,-0.140625,-0.4375,3
-0.1875,-0.4375,-0.140625,-0.40625,3
-0.375,-1.15625,-0.328125,-1.125,4
-0.375,-1.125,-0.328125,-1.09375,4
-1.921875,0.96875,-1.875,1.0,5
-1.96875,1.0,-1.921875,1.03125,5
-1.96875,1.03125,-1.921875,1.0625,5
-1.921875,1.0,-1.875,1.03125,5
-1.921875,1.03125,-1.875,1.0625,5
-1.921875,1.0625,-1.875,1.09375,5
-1.875,1.0,-1.828125,1.03125,5
-1.875,1.03125,-1.828125,1.0625,5
0.140625,0.96875,0.1875,1.0,6
