-0.8264024561271072,-0.8199589067604393,0
-0.8199589067604393,-0.8135153573937713,0
-0.8135153573937713,-0.8070718080271037,0
-0.8070718080271037,-0.8006282586604357,0
-0.8006282586604357,-0.7941847092937678,0
-0.7941847092937678,-0.7877411599270999,0
0.6620574475731701,0.668500996939838,1
0.668500996939838,0.6749445463065059,1
0.6749445463065059,0.6813880956731736,1
0.6813880956731736,0.6878316450398415,1
0.6878316450398415,0.6942751944065094,1
-0.34313625362701716,-0.33669270426034925,2
-0.33669270426034925,-0.3302491548936814,2
-0.3302491548936814,-0.3238056055270136,2
-0.3238056055270136,-0.3173620561603457,2
-0.3173620561603457,-0.31091850679367783,2
-0.31091850679367783,-0.3044749574270099,2
-0.3044749574270099,-0.29803140806034206,2
-0.29803140806034206,-0.29158785869367426,2
-0.29158785869367426,-0.28514430932700635,2
-0.28514430932700635,-0.2787007599603385,2
