0.06803969353437425,0.07254244455136359,0
0.07254244455136359,0.07704519556835296,0
0.07704519556835296,0.0815479465853423,0
0.0815479465853423,0.08605069760233167,0
-0.33270514697767795,-0.32820239596068856,1
-0.32820239596068856,-0.32369964494369924,1
-0.32369964494369924,-0.3191968939267099,1
-0.3191968939267099,-0.31469414290972053,1
-0.31469414290972053,-0.31019139189273115,1
-0.31019139189273115,-0.3056886408757419,1
-0.3056886408757419,-0.3011858898587525,1
-0.3011858898587525,-0.2966831388417631,1
-0.2966831388417631,-0.29218038782477374,1
-0.29218038782477374,-0.28767763680778446,1
