-0.9660655229818075,-0.9599446228519081,0
-0.9599446228519081,-0.9538237227220089,0
-0.9538237227220089,-0.9477028225921095,0
-0.9477028225921095,-0.9415819224622101,0
-0.9415819224622101,-0.9354610223323107,0
0.08060839923098684,0.08672929936088625,1
0.08672929936088625,0.09285019949078555,1
0.09285019949078555,0.09897109962068495,1
0.09897109962068495,0.10509199975058436,1
0.10509199975058436,0.11121289988048377,1
0.11121289988048377,0.11733380001038307,1
0.11733380001038307,0.12345470014028248,1
0.12345470014028248,0.1295756002701819,1
-0.3356128096021712,-0.3294919094722718,2
-0.3294919094722718,-0.3233710093423724,2
-0.3233710093423724,-0.317250109212473,2
-0.317250109212473,-0.31112920908257363,2
-0.31112920908257363,-0.3050083089526742,2
-0.3050083089526742,-0.2988874088227749,2
-0.2988874088227749,-0.2927665086928755,2
-0.2927665086928755,-0.28664560856297616,2
-0.28664560856297616,-0.28052470843307675,2
-0.28052470843307675,-0.27440380830317734,2
0.37441160546615715,0.38053250559605656,3
0.38053250559605656,0.38665340572595597,3
0.38665340572595597,0.3927743058558554,3
0.3927743058558554,0.39889520598575473,3
0.14793830065988,0.15405920078977942,4
0.15405920078977942,0.16018010091967883,4
0.16018010091967883,0.16630100104957812,4
0.16630100104957812,0.17242190117947753,4
