-0.09008005027193572,-0.08469010183587669,0
-0.08469010183587669,-0.07930015339981761,0
-0.07930015339981761,-0.07391020496375858,0
-0.07391020496375858,-0.0685202565276995,0
-0.0685202565276995,-0.06313030809164047,0
0.055448557501658835,0.06083850593771789,1
0.06083850593771789,0.06622845437377695,1
0.06622845437377695,0.071618402809836,1
0.071618402809836,0.07700835124589506,1
0.07700835124589506,0.08239829968195411,1
0.08239829968195411,0.08778824811801317,1
0.08778824811801317,0.09317819655407222,1
0.09317819655407222,0.09856814499013128,1
0.09856814499013128,0.10395809342619033,1
0.10395809342619033,0.10934804186224939,1
0.10934804186224939,0.11473799029830845,1
0.11473799029830845,0.1201279387343675,1
0.9555699463235215,0.9609598947595804,2
0.9609598947595804,0.9663498431956395,2
0.9663498431956395,0.9717397916316987,2
0.21714701058343058,0.2225369590194896,3
0.2225369590194896,0.2279269074555487,3
0.2279269074555487,0.23331685589160772,3
0.23331685589160772,0.2387068043276668,3
0.2387068043276668,0.24409675276372583,3
0.24409675276372583,0.24948670119978492,3
