-0.9773816152010113,-0.9703356889076531,0
-0.9703356889076531,-0.9632897626142949,0
-0.9632897626142949,-0.9562438363209367,0
-0.9562438363209367,-0.9491979100275785,0
0.5445384641643614,0.5515843904577196,1
0.5515843904577196,0.5586303167510778,1
0.5586303167510778,0.565676243044436,1
0.565676243044436,0.5727221693377942,1
0.22042585466988385,0.22747178096324205,2
0.22747178096324205,0.23451770725660026,2
0.23451770725660026,0.24156363354995847,2
0.24156363354995847,0.24860955984331667,2
0.24860955984331667,0.2556554861366749,2
0.2556554861366749,0.2627014124300331,2
0.2627014124300331,0.2697473387233913,2
0.2697473387233913,0.2767932650167495,2
0.2767932650167495,0.2838391913101077,2
0.2838391913101077,0.2908851176034659,2
0.2908851176034659,0.2979310438968241,2
-0.20232972293160856,-0.19528379663825035,3
-0.19528379663825035,-0.18823787034489214,3
-0.18823787034489214,-0.18119194405153394,3
-0.18119194405153394,-0.17414601775817573,3
-0.17414601775817573,-0.16710009146481752,3
-0.16710009146481752,-0.16005416517145932,3
-0.16005416517145932,-0.1530082388781011,3
-0.1530082388781011,-0.1459623125847429,3
-0.1459623125847429,-0.1389163862913847,3
-0.1389163862913847,-0.1318704599980265,3
-0.1318704599980265,-0.12482453370466828,3
