-0.9974742827285081,-0.9923536189598963,0
-0.9923536189598963,-0.9872329551912844,0
-0.9872329551912844,-0.9821122914226725,0
0.16491639274638142,0.1700370565149933,1
0.1700370565149933,0.17515772028360516,1
0.17515772028360516,0.18027838405221702,1
-0.06039281307253988,-0.05527214930392804,2
-0.05527214930392804,-0.050151485535316176,2
-0.050151485535316176,-0.04503082176670431,2
-0.04503082176670431,-0.03991015799809253,2
-0.03991015799809253,-0.03478949422948066,2
-0.03478949422948066,-0.029668830460868795,2
-0.029668830460868795,-0.024548166692256956,2
-0.024548166692256956,-0.01942750292364509,2
-0.01942750292364509,-0.014306839155033252,2
-0.014306839155033252,-0.009186175386421386,2
-0.009186175386421386,-0.004065511617809547,2
-0.13208210583310578,-0.12696144206449392,3
-0.12696144206449392,-0.12184077829588205,3
-0.12184077829588205,-0.11672011452727021,3
