-0.9858009982295334,-0.9790000307839365,0
-0.9790000307839365,-0.9721990633383394,0
-0.9721990633383394,-0.9653980958927423,0
-0.9653980958927423,-0.9585971284471452,0
0.4696060351282359,0.47640700257383284,1
0.47640700257383284,0.48320797001942994,1
0.48320797001942994,0.49000893746502705,1
0.49000893746502705,0.4968099049106241,1
-0.31930618856102233,-0.3125052211154252,2
-0.3125052211154252,-0.3057042536698282,2
-0.3057042536698282,-0.2989032862242312,2
-0.2989032862242312,-0.29210231877863413,2
-0.29210231877863413,-0.285301351333037,2
-0.285301351333037,-0.27850038388744,2
-0.27850038388744,-0.27169941644184287,2
-0.27169941644184287,-0.26489844899624587,2
