-0.4053241896256804,-0.39961840534582727,0
-0.39961840534582727,-0.3939126210659742,0
-0.3939126210659742,-0.38820683678612106,0
-0.38820683678612106,-0.38250105250626804,0
-0.38250105250626804,-0.37679526822641496,0
0.8385367833822964,0.8442425676621496,1
0.8442425676621496,0.8499483519420027,1
0.8499483519420027,0.8556541362218558,1
0.8556541362218558,0.861359920501709,1
-0.045859779994934735,-0.040153995715081714,2
-0.040153995715081714,-0.03444821143522858,2
-0.03444821143522858,-0.02874242715537545,2
-0.02874242715537545,-0.023036642875522317,2
-0.023036642875522317,-0.017330858595669296,2
-0.017330858595669296,-0.011625074315816164,2
-0.011625074315816164,-0.005919290035963032,2
-0.005919290035963032,-0.00021350575610989964,2
-0.00021350575610989964,0.0054922785237431215,2
0.0054922785237431215,0.011198062803596254,2
0.011198062803596254,0.016903847083449386,2
0.016903847083449386,0.022609631363302518,2
