-0.02017544696805998,-0.015729534658603356,0
-0.015729534658603356,-0.01128362234914676,0
-0.01128362234914676,-0.006837710039690137,0
-0.006837710039690137,-0.0023917977302335136,0
-0.0023917977302335136,0.002054114579223096,0
0.12209374693455174,0.12653965924400837,1
0.12653965924400837,0.130985571553465,1
0.130985571553465,0.1354314838629216,1
0.1354314838629216,0.1398773961723782,1
0.1398773961723782,0.14432330848183483,1
0.14432330848183483,0.14876922079129146,1
0.14876922079129146,0.15321513310074805,1
0.8823447518516332,0.8867906641610899,2
0.8867906641610899,0.8912365764705463,2
0.8912365764705463,0.895682488780003,2
0.895682488780003,0.9001284010894597,2
0.9001284010894597,0.9045743133989161,2
0.9045743133989161,0.9090202257083728,2
0.6689409609977155,0.6733868733071722,3
0.6733868733071722,0.6778327856166289,3
0.6778327856166289,0.6822786979260854,3
0.6822786979260854,0.686724610235542,3
0.686724610235542,0.6911705225449987,3
0.9846007349691352,0.9890466472785919,4
0.9890466472785919,0.9934925595880486,4
0.9934925595880486,0.9979384718975053,4
0.9979384718975053,1.002384384206962,4
0.9223579626367426,0.9268038749461993,5
0.9268038749461993,0.931249787255656,5
