-0.5355442171916366,-0.5289921480230987,0
-0.5289921480230987,-0.5224400788545608,0
-0.5224400788545608,-0.5158880096860231,0
-0.5158880096860231,-0.5093359405174852,0
-0.5093359405174852,-0.5027838713489473,0
-0.3193259346298874,-0.31277386546134955,1
-0.31277386546134955,-0.30622179629281165,1
-0.30622179629281165,-0.29966972712427375,1
-0.29966972712427375,-0.29311765795573586,1
-0.3651904188096523,-0.3586383496411144,2
-0.3586383496411144,-0.3520862804725767,2
-0.3520862804725767,-0.34553421130403883,2
-0.34553421130403883,-0.33898214213550093,2
0.9124630690552294,0.9190151382237673,3
0.9190151382237673,0.9255672073923052,3
0.9255672073923052,0.9321192765608429,3
0.9321192765608429,0.9386713457293808,3
0.9386713457293808,0.9452234148979187,3
0.12621476883068683,0.13276683799922462,4
0.13276683799922462,0.13931890716776252,4
0.13931890716776252,0.14587097633630042,4
0.14587097633630042,0.1524230455048382,4
0.1524230455048382,0.1589751146733761,4
0.1589751146733761,0.16552718384191395,4
0.16552718384191395,0.17207925301045185,4
0.17207925301045185,0.17863132217898964,4
0.17863132217898964,0.18518339134752748,4
0.18518339134752748,0.19173546051606538,4
0.19173546051606538,0.19828752968460323,4
0.19828752968460323,0.20483959885314112,4
0.20483959885314112,0.2113916680216789,4
