-0.5574823033809662,-0.5513381513487547,0
-0.5513381513487547,-0.5451939993165433,0
-0.5451939993165433,-0.5390498472843319,0
-0.5390498472843319,-0.5329056952521205,0
-0.5329056952521205,-0.5267615432199091,0
-0.5267615432199091,-0.5206173911876977,0
0.5300326063204557,0.5361767583526671,1
0.5361767583526671,0.5423209103848785,1
0.5423209103848785,0.5484650624170899,1
0.5484650624170899,0.5546092144493013,1
0.5546092144493013,0.5607533664815127,1
0.5607533664815127,0.5668975185137242,1
0.2474016128387302,0.2535457648709416,2
0.2535457648709416,0.259689916903153,2
0.259689916903153,0.26583406893536443,2
0.26583406893536443,0.2719782209675759,2
0.2719782209675759,0.2781223729997873,2
0.2781223729997873,0.28426652503199873,2
0.28426652503199873,0.29041067706421014,2
0.29041067706421014,0.29655482909642156,2
0.29655482909642156,0.30269898112863297,2
0.30269898112863297,0.3088431331608445,2
0.3088431331608445,0.3149872851930559,2
0.3149872851930559,0.3211314372252673,2
0.3211314372252673,0.32727558925747874,2
0.32727558925747874,0.3334197412896902,2
0.3334197412896902,0.3395638933219016,2
0.3395638933219016,0.34570804535411304,2
0.34570804535411304,0.35185219738632445,2
0.8126635998021812,0.8188077518343926,3
0.8188077518343926,0.824951903866604,3
0.824951903866604,0.8310960558988154,3
0.8310960558988154,0.8372402079310268,3
0.6037624307069926,0.6099065827392041,4
0.6099065827392041,0.6160507347714155,4
0.6160507347714155,0.6221948868036271,4
