-0.6238930064812303,-0.6165487774368376,0
-0.6165487774368376,-0.6092045483924448,0
-0.6092045483924448,-0.6018603193480522,0
-0.6018603193480522,-0.5945160903036594,0
-0.5945160903036594,-0.5871718612592668,0
0.8963624057080596,0.9037066347524524,1
0.9037066347524524,0.911050863796845,1
0.911050863796845,0.9183950928412378,1
0.9183950928412378,0.9257393218856304,1
0.9257393218856304,0.9330835509300232,1
-0.04369891197420661,-0.03635468292981381,2
-0.03635468292981381,-0.029010453885421117,2
-0.029010453885421117,-0.021666224841028425,2
-0.021666224841028425,-0.014321995796635734,2
-0.014321995796635734,-0.006977766752243042,2
-0.006977766752243042,0.00036646229214964965,2
0.00036646229214964965,0.007710691336542341,2
0.007710691336542341,0.015054920380935033,2
