-0.12980546336621046,-0.12563453190959992,0
-0.12563453190959992,-0.12146360045298935,0
-0.12146360045298935,-0.11729266899637879,0
0.012006206158548582,0.016177137615159126,1
0.016177137615159126,0.020348069071769698,1
0.020348069071769698,0.02451900052838027,1
0.02451900052838027,0.02868993198499084,1
0.02868993198499084,0.032860863441601385,1
0.032860863441601385,0.03703179489821193,1
0.03703179489821193,0.0412027263548225,1
0.0412027263548225,0.04537365781143307,1
0.04537365781143307,0.04954458926804364,1
0.04954458926804364,0.05371552072465419,1
0.05371552072465419,0.05788645218126473,1
