-0.9766283093858511,-0.9717316563636996,0
-0.9717316563636996,-0.9668350033415481,0
-0.9668350033415481,-0.9619383503193967,0
0.10063535548746584,0.1055320085096173,1
0.1055320085096173,0.11042866153176872,1
0.11042866153176872,0.11532531455392019,1
0.11532531455392019,0.12022196757607162,1
0.12022196757607162,0.12511862059822304,1
-0.021780970066320127,-0.016884317044168706,2
-0.016884317044168706,-0.011987664022017286,2
-0.011987664022017286,-0.00709101099986581,2
-0.00709101099986581,-0.0021943579777143896,2
-0.0021943579777143896,0.002702295044437031,2
0.002702295044437031,0.007598948066588507,2
0.007598948066588507,0.012495601088739927,2
-0.21764709095237778,-0.2127504379302263,3
-0.2127504379302263,-0.2078537849080749,3
-0.2078537849080749,-0.20295713188592346,3
