0.024449042826890977,0.028146772724576274,0
0.028146772724576274,0.03184450262226163,0
0.03184450262226163,0.03554223251994698,0
0.03554223251994698,0.039239962417632335,0
0.039239962417632335,0.04293769231531769,0
0.04293769231531769,0.04663542221300304,0
0.04663542221300304,0.050333152110688395,0
0.050333152110688395,0.05403088200837375,0
0.05403088200837375,0.057728611906059074,0
0.057728611906059074,0.06142634180374443,0
0.06142634180374443,0.06512407170142978,0
-0.4747444933606312,-0.4710467634629459,1
-0.4710467634629459,-0.4673490335652605,1
-0.4673490335652605,-0.4636513036675752,1
-0.4636513036675752,-0.45995357376988977,1
-0.45995357376988977,-0.45625584387220447,1
-0.45625584387220447,-0.45255811397451906,1
-0.45255811397451906,-0.4488603840768337,1
