-0.7902106785774231,-0.7854273230675609,0
-0.7854273230675609,-0.7806439675576985,0
-0.7806439675576985,-0.7758606120478363,0
-0.7758606120478363,-0.7710772565379739,0
-0.7710772565379739,-0.7662939010281117,0
-0.7662939010281117,-0.7615105455182493,0
-0.7615105455182493,-0.7567271900083871,0
0.0803600242175162,0.08514337972737851,1
0.08514337972737851,0.08992673523724082,1
0.08992673523724082,0.09471009074710313,1
0.09471009074710313,0.0994934462569654,1
0.0994934462569654,0.10427680176682771,1
0.10427680176682771,0.10906015727669002,1
-0.04879057454876601,-0.0440072190389037,2
-0.0440072190389037,-0.03922386352904139,2
-0.03922386352904139,-0.034440508019179084,2
-0.034440508019179084,-0.029657152509316775,2
-0.029657152509316775,-0.024873796999454467,2
-0.024873796999454467,-0.02009044148959216,2
-0.02009044148959216,-0.01530708597972985,2
-0.01530708597972985,-0.010523730469867543,2
-0.1731578178051859,-0.1683744622953236,3
-0.1683744622953236,-0.1635911067854613,3
