-0.8632936982437969,-0.8554775580298155,0
-0.8554775580298155,-0.8476614178158344,0
-0.8476614178158344,-0.839845277601853,0
-0.839845277601853,-0.8320291373878719,0
-0.8320291373878719,-0.8242129971738905,0
0.9344185509718954,0.9422346911858768,1
0.9422346911858768,0.9500508313998581,1
0.9500508313998581,0.9578669716138393,1
0.9578669716138393,0.9656831118278206,1
-0.011334414919838276,-0.003518274705857083,2
-0.003518274705857083,0.004297865508124277,2
0.004297865508124277,0.01211400572210547,2
0.01211400572210547,0.019930145936086774,2
0.019930145936086774,0.027746286150068078,2
0.027746286150068078,0.03556242636404927,2
0.03556242636404927,0.04337856657803063,2
0.04337856657803063,0.051194706792011824,2
0.051194706792011824,0.05901084700599313,2
0.05901084700599313,0.06682698721997443,2
0.06682698721997443,0.07464312743395562,2
0.07464312743395562,0.08245926764793698,2
