-0.2146306454576552,-0.20878140510059892,0
-0.20878140510059892,-0.20293216474354267,0
-0.20293216474354267,-0.19708292438648642,0
-0.19708292438648642,-0.1912336840294301,0
-0.1912336840294301,-0.18538444367237386,0
-0.18538444367237386,-0.1795352033153176,0
-0.1795352033153176,-0.17368596295826133,0
-0.17368596295826133,-0.16783672260120508,0
-0.16783672260120508,-0.16198748224414883,0
-0.16198748224414883,-0.15613824188709258,0
-0.15613824188709258,-0.15028900153003633,0
-0.15028900153003633,-0.14443976117298007,0
-0.14443976117298007,-0.13859052081592382,0
-0.13859052081592382,-0.13274128045886757,0
