-1.0042245014291258,-0.9981493130885066,0
-0.9981493130885066,-0.9920741247478873,0
-0.9920741247478873,-0.9859989364072681,0
0.08930939988233144,0.09538458822295065,1
0.09538458822295065,0.10145977656356986,1
0.10145977656356986,0.10753496490418907,1
0.10753496490418907,0.11361015324480828,1
0.11361015324480828,0.11968534158542748,1
0.11968534158542748,0.1257605299260467,1
0.1257605299260467,0.1318357182666659,1
-0.15369813374243685,-0.14762294540181758,2
-0.14762294540181758,-0.14154775706119843,2
-0.14154775706119843,-0.13547256872057917,2
-0.13547256872057917,-0.12939738037996001,2
-0.12939738037996001,-0.12332219203934075,2
-0.12332219203934075,-0.1172470036987216,2
-0.1172470036987216,-0.11117181535810233,2
-0.11117181535810233,-0.10509662701748318,2
0.3566176868695765,0.3626928752101958,3
0.3626928752101958,0.36876806355081493,3
0.36876806355081493,0.3748432518914342,3
0.3748432518914342,0.38091844023205335,3
0.38091844023205335,0.3869936285726726,3
0.14398609494790432,0.15006128328852353,4
0.15006128328852353,0.15613647162914274,4
0.15613647162914274,0.16221165996976192,4
0.16221165996976192,0.1682868483103811,4
0.1682868483103811,0.17436203665100033,4
0.17436203665100033,0.18043722499161952,4
0.18043722499161952,0.18651241333223875,4
