-0.9629193639755249,-0.9564967545773835,0
-0.9564967545773835,-0.9500741451792418,0
-0.9500741451792418,-0.9436515357811004,0
-0.9436515357811004,-0.937228926382959,0
-0.937228926382959,-0.9308063169848173,0
-0.10228970462456344,-0.095867095226422,1
-0.095867095226422,-0.08944448582828046,1
-0.08944448582828046,-0.08302187643013892,1
-0.30139059596695006,-0.29496798656880857,2
-0.29496798656880857,-0.28854537717066703,2
-0.28854537717066703,-0.28212276777252554,2
-0.28212276777252554,-0.27570015837438405,2
-0.27570015837438405,-0.2692775489762425,2
-0.2692775489762425,-0.262854939578101,2
-0.262854939578101,-0.2564323301799596,2
-0.2564323301799596,-0.250009720781818,2
-0.250009720781818,-0.2435871113836765,2
-0.2435871113836765,-0.23716450198553507,2
-0.23716450198553507,-0.23074189258739347,2
-0.23074189258739347,-0.22431928318925198,2
-0.22431928318925198,-0.21789667379111055,2
-0.21789667379111055,-0.21147406439296906,2
-0.21147406439296906,-0.20505145499482746,2
-0.20505145499482746,-0.19862884559668603,2
0.07754335852339866,0.0839659679215401,3
0.0839659679215401,0.09038857731968164,3
0.09038857731968164,0.09681118671782318,3
0.09681118671782318,0.10323379611596462,3
-0.0637540482357144,-0.05733143883757297,4
-0.05733143883757297,-0.050908829439431424,4
-0.050908829439431424,-0.04448622004128988,4
