-0.18586216636933386,-0.18128490205854175,0
-0.18128490205854175,-0.17670763774774967,0
-0.17670763774774967,-0.17213037343695758,0
-0.17213037343695758,-0.1675531091261655,0
-0.1675531091261655,-0.16297584481537342,0
-0.16297584481537342,-0.15839858050458133,0
-0.30029377413913605,-0.29571650982834397,1
-0.29571650982834397,-0.2911392455175519,1
-0.2911392455175519,-0.2865619812067598,1
-0.2865619812067598,-0.2819847168959677,1
-0.2819847168959677,-0.27740745258517563,1
-0.27740745258517563,-0.27283018827438354,1
-0.27283018827438354,-0.26825292396359146,1
-0.26825292396359146,-0.2636756596527994,1
-0.2636756596527994,-0.2590983953420073,1
-0.2590983953420073,-0.2545211310312152,1
0.010960198994725945,0.015537463305518029,2
0.015537463305518029,0.020114727616310113,2
0.020114727616310113,0.024691991927102197,2
0.024691991927102197,0.02926925623789428,2
-0.1034714087750763,-0.09889414446428421,3
-0.09889414446428421,-0.09431688015349207,3
-0.09431688015349207,-0.08973961584269999,3
-0.08973961584269999,-0.0851623515319079,3
