-0.0583592837676406,-0.052655199421569765,0
-0.052655199421569765,-0.04695111507549882,0
-0.04695111507549882,-0.04124703072942798,0
-0.04124703072942798,-0.03554294638335703,0
-0.03554294638335703,-0.029838862037286196,0
-0.029838862037286196,-0.024134777691215303,0
0.027201981423422672,0.032906065769493564,1
0.032906065769493564,0.03861015011556446,1
0.03861015011556446,0.04431423446163535,1
0.04431423446163535,0.050018318807706186,1
0.050018318807706186,0.05572240315377708,1
0.05572240315377708,0.06142648749984797,1
0.06142648749984797,0.06713057184591886,1
0.06713057184591886,0.07283465619198976,1
0.07283465619198976,0.07853874053806065,1
0.07853874053806065,0.08424282488413154,1
0.30099803003482517,0.3067021143808961,2
0.3067021143808961,0.31240619872696695,2
0.31240619872696695,0.3181102830730378,2
0.3181102830730378,0.32381436741910874,2
0.22684493353590368,0.23254901788197455,3
0.23254901788197455,0.2382531022280454,3
0.9911922359094023,0.9968963202554733,4
0.9968963202554733,1.002600404601544,4
1.002600404601544,1.0083044889476152,4
0.5291614038776606,0.5348654882237316,5
0.5348654882237316,0.5405695725698023,5
0.5405695725698023,0.5462736569158733,5
0.5462736569158733,0.5519777412619442,5
0.5519777412619442,0.5576818256080149,5
0.5576818256080149,0.5633859099540859,5
0.5633859099540859,0.5690899943001568,5
0.5690899943001568,0.5747940786462278,5
0.5747940786462278,0.5804981629922985,5
