-0.9340619814395904,-0.9277838960941881,0
-0.9277838960941881,-0.9215058107487858,0
-0.9215058107487858,-0.9152277254033833,0
-0.9152277254033833,-0.908949640057981,0
-0.908949640057981,-0.9026715547125786,0
-0.9026715547125786,-0.8963934693671763,0
0.5098976480029523,0.5161757333483546,1
0.5161757333483546,0.522453818693757,1
0.522453818693757,0.5287319040391594,1
0.5287319040391594,0.5350099893845618,1
0.3152770022954791,0.3215550876408816,2
0.3215550876408816,0.3278331729862839,2
0.3278331729862839,0.3341112583316862,2
0.3341112583316862,0.3403893436770885,2
0.3403893436770885,0.346667429022491,2
0.346667429022491,0.35294551436789334,2
0.35294551436789334,0.35922359971329565,2
-0.2874191908631473,-0.28114110551774496,3
-0.28114110551774496,-0.27486302017234265,3
-0.27486302017234265,-0.2685849348269403,3
-0.2685849348269403,-0.262306849481538,3
-0.262306849481538,-0.25602876413613557,3
-0.25602876413613557,-0.2497506787907332,3
-0.2497506787907332,-0.2434725934453309,3
-0.2434725934453309,-0.23719450809992854,3
-0.23719450809992854,-0.23091642275452612,3
-0.23091642275452612,-0.22463833740912376,3
-0.22463833740912376,-0.21836025206372145,3
