-1.0039715262968092,-0.9976520937122405,0
-0.9976520937122405,-0.9913326611276716,0
-0.9913326611276716,-0.9850132285431028,0
-0.9850132285431028,-0.978693795958534,0
0.4242202378157527,0.4305396704003215,1
0.4305396704003215,0.43685910298489034,1
0.43685910298489034,0.4431785355694593,1
0.4431785355694593,0.4494979681540281,1
0.4494979681540281,0.4558174007385969,1
-0.3783477004244924,-0.37202826783992354,2
-0.37202826783992354,-0.3657088352553546,2
-0.3657088352553546,-0.3593894026707858,2
-0.3593894026707858,-0.353069970086217,2
-0.353069970086217,-0.346750537501648,2
-0.346750537501648,-0.3404311049170792,2
