-0.99028231930919,-0.9838434567488731,0
-0.9838434567488731,-0.9774045941885562,0
-0.9774045941885562,-0.9709657316282393,0
-0.9709657316282393,-0.9645268690679222,0
0.1107631785050035,0.1172020410653204,1
0.1172020410653204,0.12364090362563729,1
0.12364090362563729,0.13007976618595418,1
0.13007976618595418,0.1365186287462712,1
0.1365186287462712,0.14295749130658808,1
0.14295749130658808,0.14939635386690497,1
0.14939635386690497,0.15583521642722187,1
0.15583521642722187,0.16227407898753887,1
0.16227407898753887,0.16871294154785577,1
0.16871294154785577,0.17515180410817266,1
0.17515180410817266,0.18159066666848955,1
0.18159066666848955,0.18802952922880656,1
-0.14035246134735646,-0.13391359878703957,2
-0.13391359878703957,-0.12747473622672256,2
-0.12747473622672256,-0.12103587366640567,2
-0.12103587366640567,-0.11459701110608878,2
-0.11459701110608878,-0.10815814854577188,2
-0.10815814854577188,-0.10171928598545488,2
-0.10171928598545488,-0.09528042342513798,2
-0.09528042342513798,-0.08884156086482109,2
-0.08884156086482109,-0.0824026983045042,2
-0.0824026983045042,-0.07596383574418719,2
-0.07596383574418719,-0.0695249731838703,2
0.4262674439605326,0.4327063065208495,3
0.4327063065208495,0.4391451690811664,3
0.4391451690811664,0.4455840316414833,3
0.4455840316414833,0.4520228942018002,3
0.4520228942018002,0.45846175676211715,3
0.20090725434944035,0.20734611690975724,4
0.20734611690975724,0.21378497947007424,4
0.21378497947007424,0.22022384203039114,4
0.22022384203039114,0.22666270459070803,4
0.22666270459070803,0.23310156715102492,4
0.23310156715102492,0.23954042971134185,4
