-1.0071480171661824,-1.0023134598694743,0
-1.0023134598694743,-0.9974789025727658,0
-0.9974789025727658,-0.9926443452760576,0
-0.7170745793636888,-0.7122400220669804,1
-0.7122400220669804,-0.7074054647702723,1
-0.7074054647702723,-0.7025709074735641,1
-0.7025709074735641,-0.6977363501768559,1
-0.6977363501768559,-0.6929017928801476,1
-0.6929017928801476,-0.6880672355834394,1
-0.6880672355834394,-0.6832326782867312,1
-0.6832326782867312,-0.678398120990023,1
-0.678398120990023,-0.6735635636933147,1
-0.6735635636933147,-0.6687290063966065,1
-0.6687290063966065,-0.6638944490998983,1
-0.6638944490998983,-0.65905989180319,1
-0.65905989180319,-0.6542253345064819,1
-0.6542253345064819,-0.6493907772097736,1
-0.6493907772097736,-0.6445562199130654,1
-0.6445562199130654,-0.6397216626163571,1
-0.6397216626163571,-0.634887105319649,1
-0.634887105319649,-0.6300525480229406,1
-0.6300525480229406,-0.6252179907262325,1
-0.6252179907262325,-0.6203834334295242,1
-0.6203834334295242,-0.6155488761328161,1
-0.6155488761328161,-0.6107143188361077,1
-0.6107143188361077,-0.6058797615393996,1
-0.6058797615393996,-0.6010452042426913,1
-0.6010452042426913,-0.5962106469459831,1
-0.5962106469459831,-0.5913760896492749,1
-0.5913760896492749,-0.5865415323525667,1
-0.5865415323525667,-0.5817069750558584,1
-0.5817069750558584,-0.5768724177591502,1
-0.5768724177591502,-0.572037860462442,1
-0.572037860462442,-0.5672033031657338,1
-0.5672033031657338,-0.5623687458690255,1
-0.5623687458690255,-0.5575341885723173,1
-0.5575341885723173,-0.5526996312756091,1
-0.5526996312756091,-0.5478650739789008,1
-0.5478650739789008,-0.5430305166821926,1
-0.5430305166821926,-0.5381959593854844,1
-0.5381959593854844,-0.5333614020887761,1
-0.5333614020887761,-0.5285268447920679,1
-0.3206408810336142,-0.315806323736906,2
-0.315806323736906,-0.31097176644019775,2
-0.31097176644019775,-0.3061372091434895,2
-0.3061372091434895,-0.3013026518467813,2
-0.3013026518467813,-0.2964680945500731,2
-0.2964680945500731,-0.2916335372533649,2
-0.2916335372533649,-0.28679897995665665,2
-0.28679897995665665,-0.2819644226599484,2
-0.2819644226599484,-0.2771298653632402,2
-0.2771298653632402,-0.27229530806653196,2
-0.27229530806653196,-0.26746075076982373,2
-0.43667025615461164,-0.43183569885790346,3
-0.43183569885790346,-0.4270011415611952,3
-0.4270011415611952,-0.422166584264487,3
-0.422166584264487,-0.4173320269677787,3
-0.4173320269677787,-0.41249746967107054,3
-0.41249746967107054,-0.40766291237436225,3
-0.40766291237436225,-0.4028283550776541,3
-0.4028283550776541,-0.3979937977809458,3
-0.3979937977809458,-0.3931592404842376,3
-0.3931592404842376,-0.38832468318752944,3
-0.38832468318752944,-0.38349012589082115,3
-0.38349012589082115,-0.3786555685941129,3
-0.3786555685941129,-0.3738210112974047,3
-0.3738210112974047,-0.36898645400069646,3
-0.36898645400069646,-0.36415189670398823,3
-0.36415189670398823,-0.35931733940728,3
-0.35931733940728,-0.35448278211057177,3
-0.35448278211057177,-0.34964822481386354,3
-0.34964822481386354,-0.34481366751715536,3
-0.34481366751715536,-0.33997911022044713,3
0.041950916219502726,0.04678547351621093,4
0.04678547351621093,0.05162003081291916,4
0.05162003081291916,0.05645458810962739,4
0.05645458810962739,0.06128914540633562,4
0.06128914540633562,0.06612370270304385,4
0.06612370270304385,0.07095825999975205,4
-0.0740784589014947,-0.06924390160478647,5
-0.06924390160478647,-0.06440934430807824,5
-0.06440934430807824,-0.059574787011370006,5
-0.059574787011370006,-0.0547402297146618,5
-0.0547402297146618,-0.0499056724179536,5
-0.0499056724179536,-0.04507111512124537,5
-0.04507111512124537,-0.04023655782453714,5
-0.04023655782453714,-0.03540200052782891,5
-0.03540200052782891,-0.030567443231120678,5
-0.030567443231120678,-0.025732885934412447,5
-0.025732885934412447,-0.020898328637704217,5
-0.25295707887969904,-0.2481225215829908,6
-0.2481225215829908,-0.24328796428628258,6
-0.24328796428628258,-0.2384534069895744,6
-0.2384534069895744,-0.2336188496928662,6
