-0.6223047226574273,-0.6160066387429833,0
-0.6160066387429833,-0.6097085548285396,0
-0.6097085548285396,-0.6034104709140956,0
-0.6034104709140956,-0.5971123869996519,0
-0.5971123869996519,-0.5908143030852079,0
0.8262545776646585,0.8325526615791022,1
0.8325526615791022,0.8388507454935462,1
0.8388507454935462,0.84514882940799,1
0.84514882940799,0.8514469133224339,1
0.8514469133224339,0.8577449972368777,1
-0.06177525427192454,-0.055477170357480676,2
-0.055477170357480676,-0.04917908644303681,2
-0.04917908644303681,-0.04288100252859295,2
-0.04288100252859295,-0.036582918614149085,2
-0.036582918614149085,-0.03028483469970522,2
-0.03028483469970522,-0.023986750785261357,2
-0.023986750785261357,-0.017688666870817493,2
-0.017688666870817493,-0.01139058295637374,2
-0.01139058295637374,-0.005092499041929877,2
-0.005092499041929877,0.0012055848725139873,2
0.0012055848725139873,0.007503668786957851,2
0.007503668786957851,0.013801752701401715,2
0.013801752701401715,0.02009983661584558,2
