-0.7609889849927276,-0.7539923050068318,0
-0.7539923050068318,-0.7469956250209362,0
-0.7469956250209362,-0.7399989450350404,0
-0.7399989450350404,-0.7330022650491446,0
-0.7330022650491446,-0.7260055850632487,0
-0.7260055850632487,-0.7190089050773532,0
-0.7190089050773532,-0.7120122250914573,0
0.7992706518620252,0.806267331847921,1
0.806267331847921,0.8132640118338168,1
0.8132640118338168,0.8202606918197124,1
0.8202606918197124,0.8272573718056082,1
0.8272573718056082,0.834254051791504,1
0.834254051791504,0.8412507317773998,1
-0.2922114259377122,-0.2852147459518164,2
-0.2852147459518164,-0.27821806596592064,2
-0.27821806596592064,-0.27122138598002493,2
-0.27122138598002493,-0.26422470599412917,2
-0.26422470599412917,-0.2572280260082334,2
-0.2572280260082334,-0.2502313460223377,2
-0.2502313460223377,-0.24323466603644195,2
-0.24323466603644195,-0.23623798605054613,2
-0.23623798605054613,-0.22924130606465037,2
-0.22924130606465037,-0.22224462607875467,2
-0.22224462607875467,-0.2152479460928589,2
-0.2152479460928589,-0.2082512661069631,2
-0.2082512661069631,-0.20125458612106745,2
-0.20125458612106745,-0.1942579061351717,2
-0.1942579061351717,-0.18726122614927587,2
-0.18726122614927587,-0.1802645461633801,2
-0.1802645461633801,-0.1732678661774844,2
-0.1732678661774844,-0.16627118619158865,2
-0.16627118619158865,-0.15927450620569283,2
-0.15927450620569283,-0.15227782621979719,2
-0.15227782621979719,-0.14528114623390143,2
-0.14528114623390143,-0.1382844662480056,2
-0.1382844662480056,-0.13128778626210985,2
-0.13128778626210985,-0.12429110627621415,2
-0.12429110627621415,-0.11729442629031839,2
-0.11729442629031839,-0.11029774630442257,2
-0.11029774630442257,-0.10330106631852681,2
-0.10330106631852681,-0.09630438633263116,2
-0.09630438633263116,-0.08930770634673535,2
-0.08930770634673535,-0.08231102636083965,2
-0.08231102636083965,-0.07531434637494383,2
-0.07531434637494383,-0.06831766638904813,2
