-0.9925350081920624,-0.9876160955475645,0
-0.9876160955475645,-0.9826971829030663,0
-0.9826971829030663,-0.9777782702585683,0
-0.9777782702585683,-0.9728593576140702,0
-0.16615768391639,-0.16123877127189193,1
-0.16123877127189193,-0.15631985862739387,1
-0.15631985862739387,-0.1514009459828958,1
-0.2891305000288412,-0.28421158738434316,2
-0.28421158738434316,-0.2792926747398451,2
-0.2792926747398451,-0.27437376209534703,2
-0.27437376209534703,-0.269454849450849,2
-0.269454849450849,-0.26453593680635096,2
-0.26453593680635096,-0.2596170241618529,2
-0.2596170241618529,-0.2546981115173549,2
-0.2546981115173549,-0.24977919887285685,2
-0.24977919887285685,-0.2448602862283588,2
-0.2448602862283588,-0.23994137358386072,2
-0.23994137358386072,-0.23502246093936266,2
-0.02350921722594651,-0.018590304581448447,3
-0.018590304581448447,-0.013671391936950411,3
-0.013671391936950411,-0.008752479292452348,3
-0.008752479292452348,-0.003833566647954312,3
-0.003833566647954312,0.0010853459965437517,3
-0.1268063827604056,-0.12188747011590753,4
-0.12188747011590753,-0.11696855747140947,4
-0.11696855747140947,-0.1120496448269114,4
0.12405816210899501,0.12897707475349307,5
0.12897707475349307,0.13389598739799113,5
0.13389598739799113,0.13881490004248914,5
0.13881490004248914,0.1437338126869872,5
0.1437338126869872,0.14865272533148527,5
0.14865272533148527,0.15357163797598333,5
0.06011229773052035,0.06503121037501841,6
0.06503121037501841,0.06995012301951645,6
