0.22921343251131476,0.2345888290368021,0
0.2345888290368021,0.23996422556228936,0
0.23996422556228936,0.2453396220877767,0
0.2453396220877767,0.25071501861326395,0
0.25071501861326395,0.2560904151387513,0
0.2560904151387513,0.26146581166423855,0
0.26146581166423855,0.2668412081897259,0
0.2668412081897259,0.27221660471521325,0
0.27221660471521325,0.2775920012407005,0
0.2775920012407005,0.28296739776618784,0
0.28296739776618784,0.2883427942916751,0
0.2883427942916751,0.29371819081716244,0
0.29371819081716244,0.2990935873426497,0
0.2990935873426497,0.30446898386813703,0
0.30446898386813703,0.3098443803936244,0
0.3098443803936244,0.3152197769191116,0
