-0.9813794621266424,-0.9750350636895747,0
-0.9750350636895747,-0.9686906652525068,0
-0.9686906652525068,-0.9623462668154389,0
-0.9623462668154389,-0.956001868378371,0
0.4461101862136275,0.4524545846506954,1
0.4524545846506954,0.4587989830877632,1
0.4587989830877632,0.46514338152483103,1
0.46514338152483103,0.47148777996189895,1
0.47148777996189895,0.47783217839896686,1
0.3192222174722702,0.32556661590933805,2
0.32556661590933805,0.3319110143464058,2
0.3319110143464058,0.3382554127834737,2
0.3382554127834737,0.3445998112205416,2
0.3445998112205416,0.35094420965760953,2
0.35094420965760953,0.3572886080946774,2
0.3572886080946774,0.36363300653174513,2
0.36363300653174513,0.36997740496881304,2
-0.2517736418638378,-0.24542924342677003,3
-0.24542924342677003,-0.23908484498970212,3
-0.23908484498970212,-0.23274044655263426,3
-0.23274044655263426,-0.22639604811556635,3
-0.22639604811556635,-0.2200516496784985,3
-0.2200516496784985,-0.2137072512414307,3
-0.2137072512414307,-0.20736285280436278,3
-0.20736285280436278,-0.20101845436729493,3
-0.20101845436729493,-0.19467405593022702,3
-0.19467405593022702,-0.18832965749315916,3
-0.18832965749315916,-0.1819852590560913,3
-0.1819852590560913,-0.1756408606190234,3
-0.1756408606190234,-0.1692964621819556,3
