-0.1492799601517618,-0.14468871175777168,0
-0.14468871175777168,-0.14009746336378157,0
-0.14009746336378157,-0.13550621496979146,0
-0.13550621496979146,-0.13091496657580137,0
0.23638490494340664,0.2409761533373967,1
0.2409761533373967,0.24556740173138683,1
0.24556740173138683,0.2501586501253769,1
0.2501586501253769,0.25474989851936697,1
0.25474989851936697,0.25934114691335713,1
0.25934114691335713,0.2639323953073472,1
0.025187478819862025,0.029778727213852108,2
0.029778727213852108,0.03436997560784222,2
0.9801671447698028,0.9847583931637929,3
0.9847583931637929,0.9893496415577829,3
0.9893496415577829,0.993940889951773,3
0.993940889951773,0.9985321383457633,3
0.3603486115811393,0.3649398599751294,4
0.3649398599751294,0.3695311083691195,4
0.3695311083691195,0.3741223567631096,4
0.3741223567631096,0.3787136051570997,4
0.3787136051570997,0.3833048535510898,4
0.3833048535510898,0.3878961019450799,4
0.3878961019450799,0.39248735033907,4
0.39248735033907,0.3970785987330601,4
0.3970785987330601,0.4016698471270502,4
0.4016698471270502,0.4062610955210403,4
0.4062610955210403,0.4108523439150304,4
0.4108523439150304,0.4154435923090205,4
0.4154435923090205,0.4200348407030106,4
0.4200348407030106,0.42462608909700067,4
0.42462608909700067,0.4292173374909908,4
0.4292173374909908,0.43380858588498095,4
0.43380858588498095,0.438399834278971,4
0.438399834278971,0.4429910826729611,4
0.4429910826729611,0.44758233106695117,4
0.44758233106695117,0.4521735794609413,4
0.4521735794609413,0.45676482785493144,4
0.45676482785493144,0.4613560762489215,4
0.4613560762489215,0.4659473246429116,4
0.4659473246429116,0.47053857303690166,4
0.47053857303690166,0.4751298214308918,4
0.4751298214308918,0.47972106982488194,4
0.47972106982488194,0.484312318218872,4
0.484312318218872,0.4889035666128621,4
0.4889035666128621,0.49349481500685216,4
0.49349481500685216,0.49808606340084227,4
0.49808606340084227,0.5026773117948324,4
0.5026773117948324,0.5072685601888225,4
0.5072685601888225,0.5118598085828125,4
0.5118598085828125,0.5164510569768027,4
