-1.0059412893187254,-1.0000250046513974,0
-1.0000250046513974,-0.9941087199840695,0
-0.9941087199840695,-0.9881924353167413,0
-0.2841545599047094,-0.2782382752373814,1
-0.2782382752373814,-0.27232199057005335,1
-0.27232199057005335,-0.2664057059027254,1
-0.2664057059027254,-0.2604894212353974,1
-0.2604894212353974,-0.2545731365680694,1
-0.5799687932711094,-0.5740525086037813,2
-0.5740525086037813,-0.5681362239364534,2
-0.5681362239364534,-0.5622199392691254,2
-0.5622199392691254,-0.5563036546017974,2
-0.5563036546017974,-0.5503873699344695,2
0.023492242796346596,0.02940852746367456,3
0.02940852746367456,0.03532481213100258,3
0.03532481213100258,0.0412410967983306,3
0.0412410967983306,0.047157381465658565,3
0.047157381465658565,0.053073666132986586,3
-0.17174515122547745,-0.16582886655814938,4
-0.16582886655814938,-0.15991258189082141,4
-0.15991258189082141,-0.15399629722349345,4
