-0.1722221849532798,-0.16680267172865568,0
-0.16680267172865568,-0.1613831585040316,0
-0.1613831585040316,-0.15596364527940745,0
-0.15596364527940745,-0.15054413205478337,0
-0.15054413205478337,-0.14512461883015929,0
-0.14512461883015929,-0.13970510560553517,0
-0.13970510560553517,-0.1342855923809111,0
-0.1342855923809111,-0.128866079156287,0
-0.128866079156287,-0.12344656593166292,0
-0.12344656593166292,-0.11802705270703881,0
-0.11802705270703881,-0.11260753948241473,0
-0.41068076683674004,-0.40526125361211596,1
-0.40526125361211596,-0.3998417403874919,1
-0.3998417403874919,-0.3944222271628678,1
-0.3944222271628678,-0.3890027139382437,1
-0.3890027139382437,-0.3835832007136195,1
-0.3835832007136195,-0.3781636874889954,1
-0.3781636874889954,-0.37274417426437134,1
