-0.505915998169221,-0.5003081511426717,0
-0.5003081511426717,-0.4947003041161224,0
-0.4947003041161224,-0.4890924570895731,0
-0.4890924570895731,-0.48348461006302385,0
-0.48348461006302385,-0.47787676303647453,0
-0.47787676303647453,-0.47226891600992527,0
0.6605161833530291,0.6661240303795783,1
0.6661240303795783,0.6717318774061276,1
0.6717318774061276,0.6773397244326771,1
0.6773397244326771,0.6829475714592264,1
0.6829475714592264,0.6885554184857756,1
0.11094717475119975,0.11655502177774912,2
0.11655502177774912,0.12216286880429839,2
0.12216286880429839,0.12777071583084765,2
0.12777071583084765,0.1333785628573969,2
0.1333785628573969,0.13898640988394617,2
0.13898640988394617,0.14459425691049543,2
0.14459425691049543,0.1502021039370447,2
0.1502021039370447,0.15580995096359407,2
0.15580995096359407,0.16141779799014333,2
0.16141779799014333,0.1670256450166926,2
0.1670256450166926,0.17263349204324185,2
0.17263349204324185,0.17824133906979112,2
0.17824133906979112,0.18384918609634038,2
