-0.053640466337092185,-0.04854514934122561,0
-0.04854514934122561,-0.04344983234535904,0
-0.04344983234535904,-0.03835451534949241,0
-0.03835451534949241,-0.03325919835362584,0
-0.03325919835362584,-0.028163881357759213,0
0.05336119057610633,0.05845650757197293,1
0.05845650757197293,0.0635518245678395,1
0.0635518245678395,0.0686471415637061,1
0.0686471415637061,0.07374245855957273,1
0.07374245855957273,0.07883777555543928,1
0.07883777555543928,0.08393309255130588,1
0.08393309255130588,0.0890284095471725,1
0.0890284095471725,0.0941237265430391,1
0.9908995178155602,0.9959948348114267,2
0.9959948348114267,1.0010901518072934,2
1.0010901518072934,1.0061854688031597,2
0.17564879847690462,0.18074411547277125,3
0.18074411547277125,0.18583943246863785,3
0.18583943246863785,0.19093474946450442,3
0.19093474946450442,0.19603006646037102,3
0.19603006646037102,0.20112538345623762,3
