-0.09763489779084922,-0.0923024738766253,0
-0.0923024738766253,-0.0869700499624014,0
-0.0869700499624014,-0.08163762604817748,0
-0.08163762604817748,-0.07630520213395356,0
0.2116456892341375,0.21697811314836146,1
0.21697811314836146,0.22231053706258533,1
0.22231053706258533,0.22764296097680925,1
0.22764296097680925,0.2329753848910332,1
0.2329753848910332,0.23830780880525707,1
0.23830780880525707,0.243640232719481,1
0.11032963486388325,0.11566205877810717,2
0.11566205877810717,0.12099448269233107,2
0.9581850372254848,0.9635174611397088,3
0.9635174611397088,0.9688498850539327,3
0.9688498850539327,0.9741823089681565,3
0.9741823089681565,0.9795147328823806,3
0.2489726566337049,0.2543050805479288,4
0.2543050805479288,0.2596375044621527,4
0.2596375044621527,0.2649699283763767,4
0.2649699283763767,0.2703023522906005,4
0.2703023522906005,0.27563477620482446,4
0.27563477620482446,0.2809672001190484,4
0.2809672001190484,0.28629962403327225,4
0.28629962403327225,0.2916320479474962,4
0.2916320479474962,0.29696447186172004,4
0.29696447186172004,0.302296895775944,4
0.302296895775944,0.30762931969016793,4
0.30762931969016793,0.3129617436043918,4
0.3129617436043918,0.3182941675186157,4
0.3182941675186157,0.32362659143283956,4
0.32362659143283956,0.3289590153470636,4
0.3289590153470636,0.33429143926128746,4
0.33429143926128746,0.3396238631755113,4
0.3396238631755113,0.3449562870897353,4
0.3449562870897353,0.3502887110039592,4
