-0.8251331698149443,-0.8199651678279042,0
-0.8199651678279042,-0.8147971658408643,0
-0.8147971658408643,-0.8096291638538241,0
-0.8096291638538241,-0.8044611618667842,0
-0.8044611618667842,-0.799293159879744,0
-0.799293159879744,-0.794125157892704,0
-0.794125157892704,-0.788957155905664,0
-0.788957155905664,-0.7837891539186239,0
-0.7837891539186239,-0.7786211519315839,0
-0.7786211519315839,-0.7734531499445437,0
0.06893117394298312,0.07409917593002321,1
0.07409917593002321,0.07926717791706325,1
0.07926717791706325,0.08443517990410329,1
0.08443517990410329,0.08960318189114333,1
0.08960318189114333,0.09477118387818337,1
0.09477118387818337,0.0999391858652234,1
0.0999391858652234,0.10510718785226345,1
0.10510718785226345,0.11027518983930351,1
0.11027518983930351,0.11544319182634355,1
0.11544319182634355,0.12061119381338359,1
0.12061119381338359,0.12577919580042363,1
0.12577919580042363,0.13094719778746367,1
0.13094719778746367,0.1361151997745037,1
-0.7166051280871034,-0.7114371261000633,2
-0.7114371261000633,-0.7062691241130233,2
-0.7062691241130233,-0.7011011221259832,2
-0.7011011221259832,-0.6959331201389433,2
-0.6959331201389433,-0.6907651181519031,2
-0.6907651181519031,-0.6855971161648632,2
-0.6855971161648632,-0.680429114177823,2
-0.680429114177823,-0.6752611121907831,2
