-0.13183594131842252,-0.12788143900688737,0
-0.12788143900688737,-0.12392693669535218,0
-0.12392693669535218,-0.119972434383817,0
-0.119972434383817,-0.11601793207228181,0
0.2161602620966733,0.22011476440820846,1
0.22011476440820846,0.22406926671974361,1
0.22406926671974361,0.2280237690312788,1
0.2280237690312788,0.231978271342814,1
0.231978271342814,0.2359327736543492,1
0.2359327736543492,0.23988727596588436,1
0.23988727596588436,0.2438417782774195,1
0.2438417782774195,0.2477962805889547,1
0.2477962805889547,0.2517507829004899,1
0.2517507829004899,0.25570528521202507,1
0.25570528521202507,0.2596597875235602,1
0.2596597875235602,0.2636142898350954,1
0.2636142898350954,0.2675687921466306,1
0.022389648831449477,0.026344151142984634,2
0.026344151142984634,0.030298653454519847,2
0.030298653454519847,0.034253155766055005,2
0.33479533144272866,0.3387498337542638,3
0.3387498337542638,0.34270433606579903,3
0.34270433606579903,0.34665883837733424,3
0.34665883837733424,0.3506133406888694,3
0.3506133406888694,0.35456784300040456,3
