-0.9953207359882073,-0.9908086845534854,0
-0.9908086845534854,-0.9862966331187637,0
-0.9862966331187637,-0.9817845816840418,0
-0.9817845816840418,-0.9772725302493199,0
-0.22827199208550158,-0.22375994065077978,1
-0.22375994065077978,-0.21924788921605798,1
-0.21924788921605798,-0.21473583778133615,1
-0.21473583778133615,-0.21022378634661437,1
-0.21022378634661437,-0.2057117349118926,1
-0.2057117349118926,-0.2011996834771708,1
-0.2011996834771708,-0.196687632042449,1
-0.196687632042449,-0.19217558060772716,1
-0.19217558060772716,-0.18766352917300538,1
-0.41326610090909527,-0.4087540494743735,2
-0.4087540494743735,-0.40424199803965166,2
-0.40424199803965166,-0.3997299466049299,2
-0.3997299466049299,-0.3952178951702081,2
-0.3952178951702081,-0.3907058437354863,2
-0.3907058437354863,-0.3861937923007645,2
-0.16059122056467462,-0.15607916912995282,3
-0.15607916912995282,-0.151567117695231,3
-0.151567117695231,-0.14705506626050918,3
-0.14705506626050918,-0.1425430148257874,3
-0.1425430148257874,-0.13803096339106563,3
