-0.8354705510288476,-0.8282010813057423,0
-0.8282010813057423,-0.8209316115826368,0
-0.8209316115826368,-0.8136621418595313,0
-0.8136621418595313,-0.8063926721364258,0
-0.8063926721364258,-0.7991232024133206,0
-0.7991232024133206,-0.7918537326902151,0
-0.7918537326902151,-0.7845842629671096,0
-0.7845842629671096,-0.7773147932440043,0
0.7856211972236633,0.7928906669467688,1
0.7928906669467688,0.8001601366698741,1
0.8001601366698741,0.8074296063929796,1
0.8074296063929796,0.814699076116085,1
0.814699076116085,0.8219685458391905,1
0.16771627075970175,0.17498574048280718,2
0.17498574048280718,0.18225521020591257,2
0.18225521020591257,0.189524679929018,2
0.189524679929018,0.1967941496521235,2
0.1967941496521235,0.20406361937522893,2
0.20406361937522893,0.21133308909833426,2
0.21133308909833426,0.21860255882143975,2
0.21860255882143975,0.2258720285445452,2
0.2258720285445452,0.23314149826765057,2
