-0.00485301889013498,-0.00016817558556794787,0
-0.00016817558556794787,0.0045166677189990845,0
0.0045166677189990845,0.009201511023566117,0
0.12163775033317506,0.12632259363774212,1
0.12632259363774212,0.13100743694230912,1
0.13100743694230912,0.13569228024687618,1
0.13569228024687618,0.1403771235514432,1
0.1403771235514432,0.14506196685601028,1
0.14506196685601028,0.14974681016057728,1
0.14974681016057728,0.15443165346514434,1
0.15443165346514434,0.1591164967697114,1
0.1591164967697114,0.1638013400742784,1
0.1638013400742784,0.16848618337884547,1
0.16848618337884547,0.17317102668341247,1
0.8524733058456331,0.8571581491502003,2
0.8571581491502003,0.8618429924547673,2
0.8618429924547673,0.8665278357593342,2
0.8665278357593342,0.8712126790639014,2
0.8712126790639014,0.8758975223684684,2
0.8758975223684684,0.8805823656730354,2
0.590122080789879,0.594806924094446,3
0.594806924094446,0.599491767399013,3
0.599491767399013,0.6041766107035802,3
0.6041766107035802,0.6088614540081472,3
0.6088614540081472,0.6135462973127142,3
0.9930186049826444,0.9977034482872114,4
0.9977034482872114,1.0023882915917786,4
1.0023882915917786,1.0070731348963453,4
0.9321156420232728,0.93680048532784,5
