0.03986910602543503,0.04412623617681674,0
0.04412623617681674,0.048383366328198466,0
0.048383366328198466,0.052640496479580176,0
0.052640496479580176,0.05689762663096189,0
0.14629735980997793,0.15055448996135964,1
0.15055448996135964,0.15481162011274135,1
0.15481162011274135,0.15906875026412307,1
0.15906875026412307,0.1633258804155048,1
0.1633258804155048,0.1675830105668865,1
0.1675830105668865,0.17184014071826823,1
0.6826957588840741,0.6869528890354559,2
0.6869528890354559,0.6912100191868376,2
0.6912100191868376,0.6954671493382193,2
0.6954671493382193,0.699724279489601,2
0.699724279489601,0.7039814096409827,2
0.7039814096409827,0.7082385397923645,2
0.7082385397923645,0.7124956699437461,2
0.7124956699437461,0.7167528000951279,2
0.7167528000951279,0.7210099302465096,2
0.7210099302465096,0.7252670603978912,2
0.7252670603978912,0.7295241905492731,2
0.7295241905492731,0.7337813207006547,2
0.7337813207006547,0.7380384508520363,2
0.7380384508520363,0.7422955810034182,2
0.7422955810034182,0.7465527111547998,2
0.7465527111547998,0.7508098413061817,2
0.7508098413061817,0.7550669714575633,2
0.7550669714575633,0.7593241016089449,2
0.7593241016089449,0.7635812317603268,2
0.7635812317603268,0.7678383619117084,2
0.7678383619117084,0.7720954920630902,2
0.7720954920630902,0.7763526222144719,2
0.7763526222144719,0.7806097523658535,2
0.7806097523658535,0.7848668825172354,2
0.7848668825172354,0.789124012668617,2
0.789124012668617,0.7933811428199988,2
0.7933811428199988,0.7976382729713805,2
0.5890388955536764,0.5932960257050581,3
0.5932960257050581,0.5975531558564398,3
0.5975531558564398,0.6018102860078216,3
0.6018102860078216,0.6060674161592032,3
0.6060674161592032,0.610324546310585,3
0.610324546310585,0.6145816764619667,3
0.6145816764619667,0.6188388066133483,3
0.6188388066133483,0.6230959367647302,3
0.6230959367647302,0.6273530669161118,3
0.6273530669161118,0.6316101970674936,3
0.6316101970674936,0.6358673272188753,3
0.6358673272188753,0.6401244573702569,3
0.6401244573702569,0.6443815875216388,3
0.6443815875216388,0.6486387176730204,3
0.6486387176730204,0.6528958478244021,3
0.6528958478244021,0.6571529779757839,3
0.9934662599349393,0.9977233900863212,4
0.9977233900863212,1.001980520237703,4
1.001980520237703,1.0062376503890846,4
0.7976382729713805,0.8018954031227621,5
0.8018954031227621,0.8061525332741439,5
0.8061525332741439,0.8104096634255256,5
