-0.29166785976849496,-0.2883370605064556,0
-0.2883370605064556,-0.2850062612444162,0
-0.2850062612444162,-0.2816754619823768,0
-0.2816754619823768,-0.2783446627203375,0
0.03808126717340202,0.0414120664354414,1
0.0414120664354414,0.04474286569748076,1
0.04474286569748076,0.04807366495952012,1
0.04807366495952012,0.051404464221559476,1
0.051404464221559476,0.054735263483598834,1
-0.16842828707303847,-0.16509748781099914,2
-0.16509748781099914,-0.16176668854895979,2
-0.16176668854895979,-0.1584358892869204,2
