-1.0095925059728326,-1.0023374992236493,0
-1.0023374992236493,-0.9950824924744666,0
-0.9950824924744666,-0.9878274857252837,0
-0.9878274857252837,-0.9805724789761006,0
-0.17526672981679442,-0.16801172306761147,1
-0.16801172306761147,-0.16075671631842847,1
-0.16075671631842847,-0.15350170956924553,1
-0.15350170956924553,-0.1462467028200627,1
-0.1462467028200627,-0.1389916960708797,1
-0.1389916960708797,-0.13173668932169674,1
-0.13173668932169674,-0.12448168257251385,1
-0.12448168257251385,-0.1172266758233309,1
-0.1172266758233309,-0.1099716690741479,1
-0.1099716690741479,-0.10271666232496496,1
-0.10271666232496496,-0.09546165557578207,1
-0.09546165557578207,-0.08820664882659912,1
-0.08820664882659912,-0.08095164207741617,1
-0.08095164207741617,-0.07369663532823328,1
-0.27683682430535556,-0.2695818175561726,2
-0.2695818175561726,-0.2623268108069896,2
-0.2623268108069896,-0.2550718040578068,2
-0.2550718040578068,-0.24781679730862383,2
-0.24781679730862383,-0.24056179055944082,2
-0.24056179055944082,-0.23330678381025788,2
-0.23330678381025788,-0.226051777061075,2
-0.226051777061075,-0.21879677031189204,2
-0.21879677031189204,-0.21154176356270904,2
-0.21154176356270904,-0.2042867568135262,2
-0.37840691879391675,-0.37115191204473374,3
-0.37115191204473374,-0.3638969052955508,3
-0.3638969052955508,-0.3566418985463679,3
-0.3566418985463679,-0.34938689179718496,3
-0.34938689179718496,-0.34213188504800196,3
-0.34213188504800196,-0.334876878298819,3
-0.334876878298819,-0.3276218715496361,3
-0.3276218715496361,-0.3203668648004532,3
-0.3203668648004532,-0.31311185805127023,3
0.2600336751341819,0.26728868188336485,4
0.26728868188336485,0.27454368863254786,4
0.27454368863254786,0.2817986953817308,4
0.2817986953817308,0.2890537021309137,4
0.2890537021309137,0.29630870888009664,4
0.013363445661962015,0.020618452411145016,5
0.020618452411145016,0.027873459160327907,5
0.027873459160327907,0.0351284659095108,5
