-0.3827194543555379,-0.3769419496413321,0
-0.3769419496413321,-0.3711644449271262,0
-0.3711644449271262,-0.3653869402129203,0
-0.3653869402129203,-0.3596094354987145,0
-0.3596094354987145,-0.3538319307845086,0
-0.09962172335945074,-0.09384421864524484,1
-0.09384421864524484,-0.08806671393103893,1
-0.08806671393103893,-0.08228920921683314,1
-0.08228920921683314,-0.07651170450262723,1
-0.07651170450262723,-0.07073419978842144,1
-0.07073419978842144,-0.06495669507421553,1
-0.06495669507421553,-0.059179190360009626,1
-0.059179190360009626,-0.05340168564580383,1
-0.05340168564580383,-0.047624180931597926,1
-0.15161926578730345,-0.14584176107309754,2
-0.14584176107309754,-0.14006425635889175,2
-0.14006425635889175,-0.13428675164468584,2
-0.13428675164468584,-0.12850924693048005,2
-0.12850924693048005,-0.12273174221627414,2
0.9114416016265751,0.917219106340781,3
0.917219106340781,0.9229966110549866,3
0.9229966110549866,0.9287741157691926,3
0.9287741157691926,0.9345516204833985,3
0.1025909416377544,0.1083684463519603,4
0.1083684463519603,0.1141459510661662,4
0.1141459510661662,0.119923455780372,4
0.119923455780372,0.1257009604945779,4
0.1257009604945779,0.1314784652087837,4
0.1314784652087837,0.1372559699229896,4
0.1372559699229896,0.1430334746371955,4
0.1430334746371955,0.1488109793514013,4
