-0.9973426875099538,-0.9897163570858537,0
-0.9897163570858537,-0.9820900266617536,0
-0.9820900266617536,-0.9744636962376534,0
-0.9744636962376534,-0.9668373658135532,0
-0.15082001043483606,-0.14319368001073596,1
-0.14319368001073596,-0.1355673495866358,1
-0.1355673495866358,-0.12794101916253559,1
-0.12794101916253559,-0.12031468873843543,1
-0.12031468873843543,-0.11268835831433532,1
-0.11268835831433532,-0.10506202789023517,1
-0.10506202789023517,-0.09743569746613495,1
-0.09743569746613495,-0.0898093670420348,1
-0.0898093670420348,-0.08218303661793469,1
-0.08218303661793469,-0.07455670619383453,1
-0.07455670619383453,-0.06693037576973432,1
-0.06693037576973432,-0.05930404534563416,1
-0.05930404534563416,-0.05167771492153406,1
-0.05167771492153406,-0.0440513844974339,1
-0.0440513844974339,-0.036425054073333685,1
-0.036425054073333685,-0.02879872364923347,1
-0.02879872364923347,-0.021172393225133368,1
-0.21945698425173754,-0.21183065382763733,2
-0.21183065382763733,-0.20420432340353728,2
-0.20420432340353728,-0.19657799297943707,2
-0.19657799297943707,-0.18895166255533685,2
-0.18895166255533685,-0.1813253321312367,2
-0.1813253321312367,-0.1736990017071366,2
-0.1736990017071366,-0.16607267128303643,2
-0.16607267128303643,-0.15844634085893622,2
0.2762544933147729,0.283880823738873,3
0.283880823738873,0.2915071541629732,3
0.2915071541629732,0.2991334845870734,3
0.2991334845870734,0.30675981501117355,3
0.30675981501117355,0.31438614543527377,3
0.0398382501676679,0.04746458059176811,4
0.04746458059176811,0.05509091101586827,4
0.05509091101586827,0.06271724143996837,4
0.06271724143996837,0.07034357186406853,4
