-0.9404922056198121,-0.9345955423824489,0
-0.9345955423824489,-0.9286988791450858,0
-0.9286988791450858,-0.9228022159077228,0
-0.9228022159077228,-0.9169055526703597,0
0.4098436757363379,0.415740338973701,1
0.415740338973701,0.42163700221106415,1
0.42163700221106415,0.4275336654484273,1
0.4275336654484273,0.4334303286857903,1
-0.24468594361096618,-0.23878928037360309,2
-0.23878928037360309,-0.23289261713624,2
-0.23289261713624,-0.22699595389887695,2
-0.22699595389887695,-0.2210992906615138,2
-0.2210992906615138,-0.21520262742415075,2
-0.21520262742415075,-0.2093059641867876,2
-0.2093059641867876,-0.20340930094942455,2
-0.20340930094942455,-0.1975126377120614,2
-0.1975126377120614,-0.19161597447469836,2
-0.19161597447469836,-0.1857193112373352,2
-0.1857193112373352,-0.17982264799997205,2
