-0.0012250617891549909,0.0031979829887859718,0
0.0031979829887859718,0.007621027766726907,0
0.007621027766726907,0.012044072544667883,0
0.012044072544667883,0.016467117322608846,0
0.10050496810348707,0.104928012881428,1
0.104928012881428,0.10935105765936896,1
0.10935105765936896,0.11377410243730994,1
0.11377410243730994,0.1181971472152509,1
0.06954365465790034,0.07396669943584132,2
0.07396669943584132,0.07838974421378225,2
0.07838974421378225,0.08281278899172322,2
0.08281278899172322,0.08723583376966419,2
0.08723583376966419,0.09165887854760513,2
0.09165887854760513,0.09608192332554609,2
0.09608192332554609,0.10050496810348707,2
0.9806908789137379,0.9851139236916788,3
0.9851139236916788,0.9895369684696198,3
0.21992717710789295,0.22435022188583392,4
0.22435022188583392,0.22877326666377487,4
0.22877326666377487,0.23319631144171585,4
0.23319631144171585,0.2376193562196568,4
0.2376193562196568,0.24204240099759772,4
0.24204240099759772,0.2464654457755387,4
0.2464654457755387,0.25088849055347967,4
0.25088849055347967,0.2553115353314206,4
0.2553115353314206,0.25973458010936157,4
0.25973458010936157,0.26415762488730254,4
0.26415762488730254,0.26858066966524347,4
0.26858066966524347,0.27300371444318444,4
