-0.9708395721577108,-0.9641253671143204,0
-0.9641253671143204,-0.95741116207093,0
-0.95741116207093,-0.9506969570275396,0
-0.9506969570275396,-0.9439827519841493,0
-0.9439827519841493,-0.9372685469407587,0
0.49957133234478523,0.5062855373881756,1
0.5062855373881756,0.512999742431566,1
0.512999742431566,0.5197139474749566,1
0.5197139474749566,0.526428152518347,1
0.526428152518347,0.5331423575617373,1
0.5331423575617373,0.5398565626051277,1
0.27800256591290234,0.2847167709562928,2
0.2847167709562928,0.29143097599968315,2
0.29143097599968315,0.2981451810430735,2
0.2981451810430735,0.3048593860864639,2
0.3048593860864639,0.3115735911298543,2
0.3115735911298543,0.31828779617324465,2
0.31828779617324465,0.32500200121663503,2
-0.10470712156035011,-0.09799291651695963,3
-0.09799291651695963,-0.09127871147356925,3
-0.09127871147356925,-0.08456450643017888,3
-0.08456450643017888,-0.0778503013867885,3
-0.0778503013867885,-0.07113609634339813,3
-0.07113609634339813,-0.06442189130000775,3
-0.06442189130000775,-0.05770768625661726,3
-0.05770768625661726,-0.05099348121322689,3
-0.05099348121322689,-0.04427927616983651,3
