-0.9712567865848541,-0.9647378112655133,0
-0.9647378112655133,-0.9582188359461724,0
-0.9582188359461724,-0.9516998606268318,0
-0.9516998606268318,-0.9451808853074909,0
-0.9451808853074909,-0.93866190998815,0
0.4498798330314458,0.4563988083507865,1
0.4563988083507865,0.46291778367012737,1
0.46291778367012737,0.46943675898946824,1
0.46943675898946824,0.4759557343088091,1
0.4759557343088091,0.4824747096281499,1
0.20215877089649437,0.20867774621583524,2
0.20867774621583524,0.215196721535176,2
0.215196721535176,0.22171569685451686,2
0.22171569685451686,0.22823467217385768,2
0.22823467217385768,0.2347536474931985,2
0.2347536474931985,0.24127262281253936,2
0.24127262281253936,0.24779159813188018,2
0.24779159813188018,0.25431057345122104,2
0.25431057345122104,0.2608295487705618,2
0.2608295487705618,0.2673485240899026,2
0.2673485240899026,0.2738674994092435,2
-0.2411315508186817,-0.23461257549934095,3
-0.23461257549934095,-0.22809360018000008,3
-0.22809360018000008,-0.22157462486065926,3
-0.22157462486065926,-0.2150556495413184,3
-0.2150556495413184,-0.20853667422197758,3
-0.20853667422197758,-0.20201769890263682,3
-0.20201769890263682,-0.19549872358329595,3
-0.19549872358329595,-0.18897974826395514,3
-0.18897974826395514,-0.18246077294461427,3
-0.18246077294461427,-0.17594179762527346,3
-0.17594179762527346,-0.1694228223059327,3
-0.1694228223059327,-0.16290384698659183,3
-0.16290384698659183,-0.156384871667251,3
-0.156384871667251,-0.14986589634791014,3
-0.14986589634791014,-0.14334692102856939,3
-0.14334692102856939,-0.13682794570922852,3
-0.13682794570922852,-0.13030897038988765,3
-0.13030897038988765,-0.12378999507054689,3
