-0.5663824959378689,-0.5603225445374846,0
-0.5603225445374846,-0.5542625931371004,0
-0.5542625931371004,-0.5482026417367161,0
-0.5482026417367161,-0.5421426903363318,0
-0.5421426903363318,-0.5360827389359475,0
0.7849866663478315,0.7910466177482158,1
0.7910466177482158,0.7971065691486001,1
0.7971065691486001,0.8031665205489844,1
0.8031665205489844,0.8092264719493687,1
0.8092264719493687,0.815286423349753,1
0.815286423349753,0.8213463747501373,1
-0.10582618950866163,-0.09976623810827734,2
-0.09976623810827734,-0.09370628670789305,2
-0.09370628670789305,-0.08764633530750865,2
-0.08764633530750865,-0.08158638390712436,2
-0.08158638390712436,-0.07552643250674007,2
-0.07552643250674007,-0.06946648110635578,2
-0.06946648110635578,-0.06340652970597149,2
-0.06340652970597149,-0.057346578305587204,2
-0.057346578305587204,-0.0512866269052028,2
-0.0512866269052028,-0.045226675504818514,2
-0.045226675504818514,-0.039166724104434225,2
-0.039166724104434225,-0.033106772704049936,2
