-0.5553772664070129,-0.5492414185870438,0
-0.5492414185870438,-0.5431055707670749,0
-0.5431055707670749,-0.5369697229471058,0
-0.5369697229471058,-0.5308338751271366,0
-0.5308338751271366,-0.5246980273071675,0
-0.5246980273071675,-0.5185621794871986,0
-0.5185621794871986,-0.5124263316672295,0
0.8435960365459323,0.8497318843659014,1
0.8497318843659014,0.8558677321858703,1
0.8558677321858703,0.8620035800058394,1
0.8620035800058394,0.8681394278258086,1
0.8681394278258086,0.8742752756457774,1
0.3343206674885004,0.34045651530846954,2
0.34045651530846954,0.34659236312843866,2
0.34659236312843866,0.3527282109484076,2
0.3527282109484076,0.3588640587683767,2
0.3588640587683767,0.3649999065883458,2
0.3649999065883458,0.37113575440831487,2
0.37113575440831487,0.3772716022282838,2
0.3772716022282838,0.38340745004825294,2
0.38340745004825294,0.38954329786822206,2
0.38954329786822206,0.395679145688191,2
