-0.8097234237939119,-0.8027759041450917,0
-0.8027759041450917,-0.7958283844962717,0
-0.7958283844962717,-0.7888808648474515,0
-0.7888808648474515,-0.7819333451986312,0
0.7395734578929842,0.7465209775418042,1
0.7465209775418042,0.7534684971906245,1
0.7534684971906245,0.7604160168394447,1
0.7604160168394447,0.7673635364882647,1
0.7673635364882647,0.774311056137085,1
-0.2747644108347595,-0.2678168911859393,2
-0.2678168911859393,-0.26086937153711914,2
-0.26086937153711914,-0.253921851888299,2
-0.253921851888299,-0.24697433223947884,2
-0.24697433223947884,-0.2400268125906586,2
-0.2400268125906586,-0.23307929294183855,2
-0.23307929294183855,-0.22613177329301837,2
-0.22613177329301837,-0.21918425364419813,2
-0.21918425364419813,-0.21223673399537807,2
-0.21223673399537807,-0.2052892143465579,2
