-0.30347197863273323,-0.29778256364166733,0
-0.29778256364166733,-0.29209314865060154,0
-0.29209314865060154,-0.28640373365953564,0
-0.28640373365953564,-0.28071431866846974,0
-0.28071431866846974,-0.27502490367740395,0
-0.04175888904370373,-0.03606947405263783,1
-0.03606947405263783,-0.03038005906157193,1
-0.03038005906157193,-0.02469064407050614,1
-0.02469064407050614,-0.01900122907944024,1
-0.01900122907944024,-0.01331181408837434,1
-0.01331181408837434,-0.007622399097308552,1
-0.007622399097308552,-0.0019329841062426523,1
-0.0019329841062426523,0.0037564308848232475,1
0.0037564308848232475,0.009445845875889036,1
0.009445845875889036,0.015135260866954936,1
0.015135260866954936,0.020824675858020836,1
0.020824675858020836,0.026514090849086625,1
-0.0758953789900988,-0.070205963999033,2
-0.070205963999033,-0.0645165490079671,2
-0.0645165490079671,-0.058827134016901206,2
-0.058827134016901206,-0.05313771902583542,2
-0.05313771902583542,-0.04744830403476952,2
-0.04744830403476952,-0.04175888904370373,2
0.8913051694910974,0.8969945844821632,3
0.8969945844821632,0.902683999473229,3
0.902683999473229,0.908373414464295,3
0.908373414464295,0.9140628294553608,3
0.9140628294553608,0.9197522444464266,3
0.9197522444464266,0.9254416594374926,3
0.09478707074187698,0.10047648573294277,4
0.10047648573294277,0.10616590072400867,4
0.10616590072400867,0.11185531571507457,4
0.11185531571507457,0.11754473070614035,4
0.11754473070614035,0.12323414569720625,4
0.12323414569720625,0.12892356068827215,4
0.12892356068827215,0.13461297567933794,4
0.13461297567933794,0.14030239067040384,4
0.14030239067040384,0.14599180566146974,4
0.14599180566146974,0.15168122065253553,4
