-0.09511172031052412,-0.08996810138225558,0
-0.08996810138225558,-0.08482448245398705,0
-0.08482448245398705,-0.07968086352571843,0
-0.07968086352571843,-0.0745372445974499,0
-0.0745372445974499,-0.06939362566918136,0
-0.06939362566918136,-0.0642500067409128,0
-0.0642500067409128,-0.05910638781264427,0
-0.05910638781264427,-0.053962768884375734,0
-0.053962768884375734,-0.048819149956107144,0
-0.048819149956107144,-0.04367553102783861,0
-0.04367553102783861,-0.03853191209957002,0
-0.03853191209957002,-0.033388293171301486,0
