-0.06849669345887377,-0.06411403600592165,0
-0.06411403600592165,-0.05973137855296955,0
-0.05973137855296955,-0.05534872110001743,0
0.08927897484740244,0.09366163230035457,1
0.09366163230035457,0.09804428975330665,1
0.09804428975330665,0.10242694720625878,1
0.10242694720625878,0.10680960465921091,1
0.032304427959024884,0.036687085411977016,2
0.036687085411977016,0.04106974286492915,2
0.04106974286492915,0.04545240031788128,2
0.9307492058142088,0.935131863267161,3
0.935131863267161,0.939514520720113,3
0.939514520720113,0.9438971781730652,3
0.3040291900420562,0.3084118474950083,4
0.3084118474950083,0.31279450494796035,4
0.31279450494796035,0.31717716240091254,4
0.31717716240091254,0.3215598198538646,4
0.3215598198538646,0.3259424773068167,4
