-0.717678416799754,-0.7111342514399438,0
-0.7111342514399438,-0.7045900860801338,0
-0.7045900860801338,-0.6980459207203239,0
-0.6980459207203239,-0.691501755360514,0
-0.691501755360514,-0.684957590000704,0
-0.46245596776716413,-0.4559118024073542,1
-0.4559118024073542,-0.44936763704754407,1
-0.44936763704754407,-0.44282347168773406,1
-0.44282347168773406,-0.4362793063279241,1
-0.4362793063279241,-0.42973514096811416,1
-0.42973514096811416,-0.4231909756083042,1
-0.4231909756083042,-0.4166468102484941,1
-0.4166468102484941,-0.4101026448886841,1
-0.4101026448886841,-0.40355847952887414,1
-0.40355847952887414,-0.3970143141690642,1
-0.3970143141690642,-0.39047014880925424,1
0.6238754819612949,0.6304196473211049,2
0.6304196473211049,0.6369638126809151,2
0.6369638126809151,0.643507978040725,2
0.643507978040725,0.650052143400535,2
0.650052143400535,0.6565963087603449,2
0.6565963087603449,0.6631404741201549,2
0.6631404741201549,0.669684639479965,2
-0.2072335187345743,-0.20068935337476435,3
-0.20068935337476435,-0.19414518801495434,3
-0.19414518801495434,-0.18760102265514428,3
-0.18760102265514428,-0.18105685729533433,3
-0.18105685729533433,-0.17451269193552432,3
-0.17451269193552432,-0.16796852657571437,3
-0.16796852657571437,-0.16142436121590437,3
-0.16142436121590437,-0.15488019585609436,3
-0.15488019585609436,-0.1483360304962844,3
-0.1483360304962844,-0.14179186513647435,3
-0.14179186513647435,-0.1352476997766644,3
-0.1352476997766644,-0.12870353441685434,3
-0.12870353441685434,-0.12215936905704439,3
-0.12215936905704439,-0.11561520369723444,3
-0.11561520369723444,-0.10907103833742438,3
