-0.971287956442684,-0.9664002677891403,0
-0.9664002677891403,-0.9615125791355967,0
-0.9615125791355967,-0.9566248904820531,0
-0.9566248904820531,-0.9517372018285095,0
-0.3994283839780837,-0.3945406953245401,1
-0.3945406953245401,-0.38965300667099656,1
-0.38965300667099656,-0.38476531801745306,1
-0.38476531801745306,-0.37987762936390945,1
-0.37987762936390945,-0.37498994071036584,1
-0.37498994071036584,-0.37010225205682223,1
-0.37010225205682223,-0.3652145634032786,1
-0.3652145634032786,-0.360326874749735,1
-0.360326874749735,-0.3554391860961914,1
-0.3554391860961914,-0.3505514974426478,1
-0.3505514974426478,-0.34566380878910424,1
-0.34566380878910424,-0.34077612013556063,1
-0.34077612013556063,-0.3358884314820171,1
-0.3358884314820171,-0.33100074282847347,1
-0.33100074282847347,-0.32611305417492986,1
-0.32611305417492986,-0.32122536552138625,1
-0.32122536552138625,-0.3163376768678427,1
-0.3163376768678427,-0.3114499882142991,1
-0.3114499882142991,-0.30656229956075554,1
-0.30656229956075554,-0.3016746109072119,1
-0.3016746109072119,-0.2967869222536683,1
-0.2967869222536683,-0.2918992336001247,1
-0.2918992336001247,-0.2870115449465811,1
-0.2870115449465811,-0.28212385629303754,1
-0.28212385629303754,-0.27723616763949394,1
-0.27723616763949394,-0.2723484789859504,1
-0.2723484789859504,-0.2674607903324068,1
-0.2674607903324068,-0.26257310167886316,1
-0.26257310167886316,-0.25768541302531955,1
-0.25768541302531955,-0.252797724371776,1
-0.252797724371776,-0.2479100357182324,1
0.03068821753375231,0.03557590618729589,2
0.03557590618729589,0.0404635948408395,2
0.0404635948408395,0.04535128349438308,2
0.04535128349438308,0.050238972147926664,2
0.050238972147926664,0.05512666080147027,2
0.05512666080147027,0.060014349455013855,2
-0.08172862149775031,-0.0768409328442067,3
-0.0768409328442067,-0.07195324419066312,3
-0.07195324419066312,-0.06706555553711951,3
-0.06706555553711951,-0.062177866883575905,3
-0.062177866883575905,-0.05729017823003238,3
-0.05729017823003238,-0.05240248957648877,3
-0.05240248957648877,-0.04751480092294516,3
-0.04751480092294516,-0.04262711226940158,3
-0.04262711226940158,-0.03773942361585797,3
-0.03773942361585797,-0.03285173496231439,3
-0.1990331491827965,-0.1941454605292529,4
-0.1941454605292529,-0.1892577718757093,4
-0.1892577718757093,-0.1843700832221657,4
