-0.37825019359588624,-0.37286219648085533,0
-0.37286219648085533,-0.3674741993658244,0
-0.3674741993658244,-0.36208620225079363,0
-0.36208620225079363,-0.3566982051357627,0
-0.3566982051357627,-0.3513102080207318,0
-0.3513102080207318,-0.3459222109057009,0
0.7693931919056922,0.774781189020723,1
0.774781189020723,0.780169186135754,1
0.780169186135754,0.7855571832507848,1
0.7855571832507848,0.7909451803658156,1
0.7909451803658156,0.7963331774808466,1
0.2683094602078199,0.2736974573228508,2
0.2736974573228508,0.2790854544378817,2
0.2790854544378817,0.2844734515529126,2
0.2844734515529126,0.2898614486679435,2
0.2898614486679435,0.29524944578297435,2
0.29524944578297435,0.3006374428980052,2
0.3006374428980052,0.3060254400130361,2
0.3060254400130361,0.311413437128067,2
0.311413437128067,0.3168014342430978,2
0.3168014342430978,0.3221894313581288,2
0.3221894313581288,0.3275774284731596,2
0.3275774284731596,0.33296542558819053,2
