-0.26110676005948336,-0.25639230660162865,0
-0.25639230660162865,-0.25167785314377394,0
-0.25167785314377394,-0.24696339968591924,0
-0.24696339968591924,-0.24224894622806462,0
-0.24224894622806462,-0.2375344927702099,0
-0.2375344927702099,-0.2328200393123552,0
-0.2328200393123552,-0.22810558585450053,0
-0.22810558585450053,-0.22339113239664582,0
-0.22339113239664582,-0.2186766789387911,0
-0.2186766789387911,-0.2139622254809365,0
-0.2139622254809365,-0.20924777202308179,0
-0.20924777202308179,-0.20453331856522708,0
-0.20453331856522708,-0.1998188651073724,0
-0.1998188651073724,-0.1951044116495177,0
-0.1951044116495177,-0.190389958191663,0
-0.190389958191663,-0.1856755047338083,0
-0.1856755047338083,-0.18096105127595366,0
