-0.5120273599028589,-0.5055757257621736,0
-0.5055757257621736,-0.4991240916214883,0
-0.4991240916214883,-0.4926724574808032,0
-0.4926724574808032,-0.48622082334011796,0
-0.20234892114996916,-0.19589728700928388,1
-0.19589728700928388,-0.1894456528685987,1
-0.1894456528685987,-0.18299401872791354,1
-0.18299401872791354,-0.17654238458722826,1
-0.17654238458722826,-0.1700907504465431,1
-0.1700907504465431,-0.16363911630585792,1
-0.16363911630585792,-0.15718748216517275,1
-0.15718748216517275,-0.15073584802448747,1
-0.15073584802448747,-0.1442842138838023,1
-0.1442842138838023,-0.13783257974311713,1
-0.13783257974311713,-0.13138094560243185,1
-0.13138094560243185,-0.12492931146174668,1
-0.2668652625568211,-0.26041362841613597,2
-0.26041362841613597,-0.25396199427545074,2
-0.25396199427545074,-0.24751036013476546,2
-0.24751036013476546,-0.24105872599408035,2
-0.24105872599408035,-0.23460709185339512,2
0.894428882766515,0.9008805169072003,3
0.9008805169072003,0.9073321510478853,3
0.9073321510478853,0.9137837851885706,3
0.9137837851885706,0.9202354193292559,3
0.9202354193292559,0.926687053469941,3
-0.008799896929413076,-0.002348262788727906,4
-0.002348262788727906,0.0041033713519573745,4
0.0041033713519573745,0.010555005492642544,4
0.010555005492642544,0.017006639633327714,4
0.017006639633327714,0.023458273774012883,4
0.023458273774012883,0.029909907914698164,4
0.029909907914698164,0.036361542055383334,4
0.036361542055383334,0.0428131761960685,4
0.0428131761960685,0.04926481033675367,4
0.04926481033675367,0.05571644447743895,4
