-0.9396227972395719,-0.9333268709015101,0
-0.9333268709015101,-0.9270309445634484,0
-0.9270309445634484,-0.9207350182253866,0
-0.9207350182253866,-0.9144390918873251,0
-0.9144390918873251,-0.9081431655492633,0
0.42029729178175335,0.42659321811981493,1
0.42659321811981493,0.43288914445787663,1
0.43288914445787663,0.4391850707959384,1
0.4391850707959384,0.4454809971340001,1
0.4454809971340001,0.45177692347206166,1
-0.07708088892512022,-0.07078496258705858,2
-0.07078496258705858,-0.06448903624899682,2
-0.06448903624899682,-0.05819310991093518,2
-0.05819310991093518,-0.05189718357287343,2
-0.05189718357287343,-0.04560125723481179,2
-0.04560125723481179,-0.039305330896750146,2
-0.039305330896750146,-0.03300940455868839,2
-0.03300940455868839,-0.026713478220626752,2
-0.026713478220626752,-0.020417551882565,2
