-0.6792088317871093,-0.6733955648075788,0
-0.6733955648075788,-0.6675822978280485,0
-0.6675822978280485,-0.6617690308485179,0
-0.6617690308485179,-0.6559557638689876,0
-0.6559557638689876,-0.650142496889457,0
-0.650142496889457,-0.6443292299099267,0
-0.6443292299099267,-0.6385159629303961,0
-0.6385159629303961,-0.6327026959508658,0
-0.6327026959508658,-0.6268894289713353,0
0.6229629716277122,0.6287762386072427,1
0.6287762386072427,0.6345895055867731,1
0.6345895055867731,0.6404027725663036,1
0.6404027725663036,0.646216039545834,1
0.030009739715605943,0.035823006695136383,2
0.035823006695136383,0.041636273674666935,2
0.041636273674666935,0.047449540654197375,2
0.047449540654197375,0.053262807633727816,2
0.053262807633727816,0.059076074613258256,2
0.059076074613258256,0.0648893415927887,2
0.0648893415927887,0.07070260857231914,2
0.07070260857231914,0.07651587555184958,2
0.07651587555184958,0.08232914253138002,2
0.08232914253138002,0.08814240951091046,2
0.08814240951091046,0.09395567649044101,2
0.09395567649044101,0.09976894346997145,2
0.09976894346997145,0.10558221044950189,2
