-0.09606385853490791,-0.0916542034340091,0
-0.0916542034340091,-0.08724454833311028,0
-0.08724454833311028,-0.08283489323221147,0
-0.08283489323221147,-0.07842523813131265,0
-0.07842523813131265,-0.07401558303041383,0
-0.07401558303041383,-0.06960592792951502,0
0.0891416557028424,0.09355131080374124,1
0.09355131080374124,0.09796096590464004,1
0.09796096590464004,0.10237062100553886,1
0.10237062100553886,0.10678027610643766,1
0.10678027610643766,0.1111899312073365,1
0.02299682918936015,0.02740648429025895,2
0.02740648429025895,0.031816139391157794,2
0.988711296286201,0.9931209513871,3
0.9931209513871,0.9975306064879987,3
0.9975306064879987,1.0019402615888977,3
0.2302506189316046,0.23466027403250336,4
0.23466027403250336,0.2390699291334022,4
0.2390699291334022,0.24347958423430105,4
0.24347958423430105,0.2478892393351998,4
