-0.03374339686706662,-0.02866656065452844,0
-0.02866656065452844,-0.023589724441990256,0
-0.023589724441990256,-0.018512888229452074,0
-0.018512888229452074,-0.01343605201691389,0
0.23532892239745706,0.24040575860999525,1
0.24040575860999525,0.24548259482253343,1
0.24548259482253343,0.2505594310350716,1
0.2505594310350716,0.2556362672476098,1
0.2556362672476098,0.260713103460148,1
0.260713103460148,0.26578993967268616,1
0.26578993967268616,0.27086677588522434,1
0.27086677588522434,0.2759436120977625,1
0.08302383602131158,0.08810067223384976,2
0.08810067223384976,0.09317750844638795,2
0.8547029403271154,0.8597797765396535,3
0.8597797765396535,0.8648566127521917,3
0.8648566127521917,0.8699334489647299,3
0.8699334489647299,0.8750102851772681,3
0.8750102851772681,0.8800871213898063,3
0.8800871213898063,0.8851639576023445,3
0.8851639576023445,0.8902407938148826,3
0.539939095149748,0.5450159313622862,4
0.5450159313622862,0.5500927675748244,4
0.5500927675748244,0.5551696037873626,4
0.5551696037873626,0.5602464399999008,4
0.5602464399999008,0.5653232762124389,4
0.5653232762124389,0.5704001124249771,4
0.5704001124249771,0.5754769486375153,4
0.5754769486375153,0.5805537848500535,4
0.5805537848500535,0.5856306210625917,4
0.5856306210625917,0.5907074572751299,4
0.5907074572751299,0.595784293487668,4
0.595784293487668,0.6008611297002062,4
0.6008611297002062,0.6059379659127444,4
0.6059379659127444,0.6110148021252826,4
0.6110148021252826,0.6160916383378208,4
0.6160916383378208,0.621168474550359,4
0.621168474550359,0.6262453107628971,4
0.6262453107628971,0.6313221469754353,4
0.6313221469754353,0.6363989831879735,4
0.6363989831879735,0.6414758194005117,4
0.6414758194005117,0.6465526556130499,4
0.6465526556130499,0.651629491825588,4
0.651629491825588,0.6567063280381262,4
0.6567063280381262,0.6617831642506644,4
0.6617831642506644,0.6668600004632026,4
0.6668600004632026,0.6719368366757408,4
0.6719368366757408,0.677013672888279,4
0.677013672888279,0.6820905091008171,4
0.6820905091008171,0.6871673453133553,4
0.9917775180656463,0.9968543542781845,5
0.9968543542781845,1.0019311904907227,5
0.9156249748775735,0.9207018110901117,6
0.9207018110901117,0.9257786473026499,6
0.9257786473026499,0.9308554835151881,6
0.9308554835151881,0.9359323197277263,6
0.9359323197277263,0.9410091559402645,6
0.9410091559402645,0.9460859921528026,6
0.9460859921528026,0.9511628283653408,6
