-0.9444493854045868,-0.937071384480223,0
-0.937071384480223,-0.9296933835558594,0
-0.9296933835558594,-0.9223153826314956,0
-0.9223153826314956,-0.9149373817071318,0
-0.9149373817071318,-0.9075593807827682,0
0.656576815182343,0.6639548161067068,1
0.6639548161067068,0.6713328170310706,1
0.6713328170310706,0.6787108179554344,1
0.6787108179554344,0.686088818879798,1
0.3245667735859752,0.33194477451033894,2
0.33194477451033894,0.33932277543470263,2
0.33932277543470263,0.3467007763590664,2
0.3467007763590664,0.3540787772834301,2
0.3540787772834301,0.3614567782077938,2
0.3614567782077938,0.36883477913215756,2
0.36883477913215756,0.3762127800565213,2
0.3762127800565213,0.383590780980885,2
0.383590780980885,0.39096878190524875,2
0.39096878190524875,0.3983467828296125,2
0.3983467828296125,0.4057247837539762,2
-0.16238128742203117,-0.15500328649766743,3
-0.15500328649766743,-0.14762528557330373,3
-0.14762528557330373,-0.14024728464893998,3
-0.14024728464893998,-0.13286928372457618,3
-0.13286928372457618,-0.12549128280021254,3
-0.12549128280021254,-0.1181132818758488,3
-0.1181132818758488,-0.110735280951485,3
-0.110735280951485,-0.10335728002712136,3
-0.10335728002712136,-0.09597927910275761,3
-0.09597927910275761,-0.0886012781783938,3
