-0.9388697910634801,-0.9335980744753033,0
-0.9335980744753033,-0.9283263578871265,0
-0.9283263578871265,-0.9230546412989497,0
-0.9230546412989497,-0.9177829247107728,0
-0.9177829247107728,-0.9125112081225962,0
-0.9125112081225962,-0.9072394915344194,0
-0.9072394915344194,-0.9019677749462426,0
0.025854344572871946,0.031126061161048657,1
0.031126061161048657,0.03639777774922548,1
0.03639777774922548,0.0416694943374023,1
0.0416694943374023,0.04694121092557904,1
0.04694121092557904,0.052212927513755836,1
-0.22191633507143704,-0.21664461848326025,2
-0.21664461848326025,-0.2113729018950835,2
-0.2113729018950835,-0.2061011853069067,2
-0.2061011853069067,-0.2008294687187299,2
-0.2008294687187299,-0.19555775213055315,2
-0.19555775213055315,-0.19028603554237633,2
-0.19028603554237633,-0.18501431895419954,2
-0.18501431895419954,-0.17974260236602277,2
-0.28517693412955847,-0.27990521754138176,3
-0.27990521754138176,-0.27463350095320493,3
