-0.2649514357745647,-0.260712008960545,0
-0.260712008960545,-0.25647258214652535,0
-0.25647258214652535,-0.2522331553325057,0
-0.2522331553325057,-0.247993728518486,0
-0.247993728518486,-0.24375430170446633,0
-0.24375430170446633,-0.23951487489044665,0
-0.23951487489044665,-0.23527544807642697,0
-0.23527544807642697,-0.2310360212624073,0
-0.2310360212624073,-0.22679659444838762,0
-0.22679659444838762,-0.22255716763436795,0
-0.22255716763436795,-0.21831774082034827,0
-0.21831774082034827,-0.2140783140063286,0
-0.2140783140063286,-0.20983888719230892,0
-0.20983888719230892,-0.20559946037828922,0
-0.20559946037828922,-0.20136003356426954,0
