-0.07856650120345875,-0.07386346381623297,0
-0.07386346381623297,-0.0691604264290072,0
-0.0691604264290072,-0.06445738904178143,0
-0.06445738904178143,-0.059754351654555615,0
0.08603980734944344,0.09074284473666924,1
0.09074284473666924,0.09544588212389502,1
0.09544588212389502,0.10014891951112079,1
0.10014891951112079,0.10485195689834656,1
0.10485195689834656,0.10955499428557233,1
0.029603358702734117,0.03430639608995989,2
0.03430639608995989,0.03900943347718566,2
0.03900943347718566,0.043712470864411435,2
0.043712470864411435,0.04841550825163721,2
0.2929734523873776,0.29767648977460337,3
0.29767648977460337,0.30237952716182914,3
0.30237952716182914,0.3070825645490549,3
0.3070825645490549,0.3117856019362807,3
0.3117856019362807,0.31648863932350646,3
0.31648863932350646,0.32119167671073223,3
0.32119167671073223,0.325894714097958,3
0.325894714097958,0.3305977514851839,3
0.3305977514851839,0.33530078887240966,3
0.33530078887240966,0.34000382625963543,3
0.34000382625963543,0.3447068636468612,3
0.3447068636468612,0.349409901034087,3
0.349409901034087,0.35411293842131275,3
0.35411293842131275,0.3588159758085385,3
0.3588159758085385,0.3635190131957643,3
0.3635190131957643,0.36822205058299007,3
0.36822205058299007,0.37292508797021584,3
0.37292508797021584,0.3776281253574416,3
0.3776281253574416,0.3823311627446674,3
0.3823311627446674,0.38703420013189316,3
0.38703420013189316,0.39173723751911893,3
0.23183396635344253,0.23653700374066833,4
0.23653700374066833,0.2412400411278941,4
0.2412400411278941,0.24594307851511987,4
0.24594307851511987,0.25064611590234565,4
0.25064611590234565,0.2553491532895714,4
0.2553491532895714,0.2600521906767972,4
0.2600521906767972,0.26475522806402296,4
0.26475522806402296,0.26945826545124874,4
0.26945826545124874,0.2741613028384745,4
