-0.07370500778779387,-0.06812484096735716,0
-0.06812484096735716,-0.06254467414692044,0
-0.06254467414692044,-0.056964507326483727,0
-0.056964507326483727,-0.05138434050604701,0
0.054638829082250595,0.06021899590268731,1
0.06021899590268731,0.06579916272312403,1
0.06579916272312403,0.07137932954356074,1
0.07137932954356074,0.07695949636399746,1
0.07695949636399746,0.08253966318443418,1
0.08253966318443418,0.08811983000487089,1
0.08811983000487089,0.09369999682530761,1
0.9809465212747455,0.9865266880951822,2
0.9865266880951822,0.9921068549156189,2
0.4340901728719473,0.439670339692384,3
0.439670339692384,0.4452505065128207,3
0.4452505065128207,0.45083067333325744,3
0.45083067333325744,0.45641084015369415,3
0.45641084015369415,0.46199100697413087,3
0.46199100697413087,0.4675711737945676,3
0.4675711737945676,0.4731513406150043,3
0.4731513406150043,0.478731507435441,3
0.478731507435441,0.48431167425587773,3
0.48431167425587773,0.48989184107631445,3
0.48989184107631445,0.49547200789675117,3
0.49547200789675117,0.5010521747171879,3
0.5010521747171879,0.5066323415376246,3
0.5066323415376246,0.5122125083580613,3
0.5122125083580613,0.517792675178498,3
0.517792675178498,0.5233728419989347,3
0.5233728419989347,0.5289530088193715,3
0.5289530088193715,0.5345331756398082,3
0.5345331756398082,0.5401133424602449,3
0.5401133424602449,0.5456935092806816,3
0.5456935092806816,0.5512736761011183,3
0.5512736761011183,0.556853842921555,3
0.556853842921555,0.5624340097419918,3
0.5624340097419918,0.5680141765624285,3
0.5680141765624285,0.5735943433828652,3
0.5735943433828652,0.5791745102033019,3
0.5791745102033019,0.5847546770237386,3
0.5847546770237386,0.5903348438441753,3
0.5903348438441753,0.595915010664612,3
0.595915010664612,0.6014951774850488,3
0.6014951774850488,0.6070753443054855,3
0.6070753443054855,0.6126555111259222,3
0.6126555111259222,0.6182356779463589,3
0.6182356779463589,0.6238158447667956,3
0.6238158447667956,0.6293960115872324,3
0.6293960115872324,0.6349761784076691,3
0.6349761784076691,0.6405563452281058,3
0.6405563452281058,0.6461365120485425,3
0.6461365120485425,0.6517166788689792,3
0.6517166788689792,0.6572968456894159,3
