-0.8965969443507493,-0.8902555394452065,0
-0.8902555394452065,-0.8839141345396637,0
-0.8839141345396637,-0.8775727296341211,0
-0.8775727296341211,-0.8712313247285783,0
0.49217072996310884,0.49851213486865165,1
0.49851213486865165,0.5048535397741944,1
0.5048535397741944,0.511194944679737,1
0.511194944679737,0.5175363495852798,1
0.5175363495852798,0.5238777544908226,1
-0.034165877196937755,-0.027824472291395064,2
-0.027824472291395064,-0.021483067385852372,2
-0.021483067385852372,-0.01514166248030957,2
-0.01514166248030957,-0.008800257574766879,2
-0.008800257574766879,-0.0024588526692241874,2
-0.0024588526692241874,0.003882552236318615,2
0.003882552236318615,0.010223957141861306,2
0.010223957141861306,0.016565362047403998,2
0.016565362047403998,0.0229067669529468,2
0.0229067669529468,0.02924817185848949,2
