-2.640858829021454,-0.24621514230966568,-2.579623706638813,-0.18812932446599007,0
0.17595680058002472,-2.279218766838312,0.23719192296266556,-2.2211329489946365,1
0.23719192296266556,-2.279218766838312,0.2984270453453064,-2.2211329489946365,1
0.17595680058002472,-2.2211329489946365,0.23719192296266556,-2.163047131150961,1
0.23719192296266556,-2.2211329489946365,0.2984270453453064,-2.163047131150961,1
0.2984270453453064,-2.279218766838312,0.35966216772794724,-2.2211329489946365,1
0.2984270453453064,-2.2211329489946365,0.35966216772794724,-2.163047131150961,1
0.35966216772794724,-2.2211329489946365,0.4208972901105881,-2.163047131150961,1
-1.109980769455433,-2.6858194917440414,-1.048745647072792,-2.627733673900366,2
-1.048745647072792,-2.6858194917440414,-0.9875105246901512,-2.627733673900366,2
-0.9875105246901512,-2.6858194917440414,-0.9262754023075104,-2.627733673900366,2
-0.9262754023075104,-2.6858194917440414,-0.8650402799248695,-2.627733673900366,2
-1.3549212589859962,-2.56964785605669,-1.2936861366033554,-2.5115620382130146,3
-1.3549212589859962,-2.5115620382130146,-1.2936861366033554,-2.453476220369339,3
-1.2936861366033554,-2.627733673900366,-1.2324510142207146,-2.56964785605669,3
-1.2324510142207146,-2.6858194917440414,-1.1712158918380737,-2.627733673900366,3
-1.2324510142207146,-2.627733673900366,-1.1712158918380737,-2.56964785605669,3
-1.2936861366033554,-2.56964785605669,-1.2324510142207146,-2.5115620382130146,3
-1.2936861366033554,-2.5115620382130146,-1.2324510142207146,-2.453476220369339,3
-1.2324510142207146,-2.56964785605669,-1.1712158918380737,-2.5115620382130146,3
-1.2324510142207146,-2.5115620382130146,-1.1712158918380737,-2.453476220369339,3
-1.2936861366033554,-2.453476220369339,-1.2324510142207146,-2.3953904025256634,3
-1.2936861366033554,-2.3953904025256634,-1.2324510142207146,-2.3373045846819878,3
-1.1712158918380737,-2.6858194917440414,-1.109980769455433,-2.627733673900366,3
-1.1712158918380737,-2.627733673900366,-1.109980769455433,-2.56964785605669,3
-1.109980769455433,-2.627733673900366,-1.048745647072792,-2.56964785605669,3
-1.1712158918380737,-2.56964785605669,-1.109980769455433,-2.5115620382130146,3
-0.7425700351595879,-2.6858194917440414,-0.681334912776947,-2.627733673900366,4
-0.7425700351595879,-2.627733673900366,-0.681334912776947,-2.56964785605669,4
-0.7425700351595879,-2.56964785605669,-0.681334912776947,-2.5115620382130146,4
-0.681334912776947,-2.6858194917440414,-0.6200997903943062,-2.627733673900366,4
-0.681334912776947,-2.627733673900366,-0.6200997903943062,-2.56964785605669,4
-0.6200997903943062,-2.6858194917440414,-0.5588646680116653,-2.627733673900366,4
-0.6200997903943062,-2.627733673900366,-0.5588646680116653,-2.56964785605669,4
-0.681334912776947,-2.56964785605669,-0.6200997903943062,-2.5115620382130146,4
-0.6200997903943062,-2.56964785605669,-0.5588646680116653,-2.5115620382130146,4
-0.6200997903943062,-2.5115620382130146,-0.5588646680116653,-2.453476220369339,4
-0.5588646680116653,-2.627733673900366,-0.4976295456290245,-2.56964785605669,4
-0.4976295456290245,-2.627733673900366,-0.43639442324638367,-2.56964785605669,4
-0.5588646680116653,-2.56964785605669,-0.4976295456290245,-2.5115620382130146,4
-0.5588646680116653,-2.5115620382130146,-0.4976295456290245,-2.453476220369339,4
-0.4976295456290245,-2.56964785605669,-0.43639442324638367,-2.5115620382130146,4
-0.4976295456290245,-2.5115620382130146,-0.43639442324638367,-2.453476220369339,4
-0.43639442324638367,-2.56964785605669,-0.37515930086374283,-2.5115620382130146,4
-0.43639442324638367,-2.5115620382130146,-0.37515930086374283,-2.453476220369339,4
-0.37515930086374283,-2.56964785605669,-0.313924178481102,-2.5115620382130146,4
-0.37515930086374283,-2.5115620382130146,-0.313924178481102,-2.453476220369339,4
-0.4976295456290245,-2.453476220369339,-0.43639442324638367,-2.3953904025256634,4
-0.43639442324638367,-2.453476220369339,-0.37515930086374283,-2.3953904025256634,4
-0.37515930086374283,-2.453476220369339,-0.313924178481102,-2.3953904025256634,4
2.4416563287377357,-0.013871870934963226,2.5028914511203766,0.04421394690871239,5
1.5231294929981232,-1.5821889527142048,1.584364615380764,-1.5241031348705292,6
1.4618943706154823,-1.5241031348705292,1.5231294929981232,-1.4660173170268536,6
1.4618943706154823,-1.4660173170268536,1.5231294929981232,-1.407931499183178,6
1.5231294929981232,-1.5241031348705292,1.584364615380764,-1.4660173170268536,6
1.5231294929981232,-1.4660173170268536,1.584364615380764,-1.407931499183178,6
1.584364615380764,-1.5241031348705292,1.6455997377634048,-1.4660173170268536,6
1.584364615380764,-1.4660173170268536,1.6455997377634048,-1.407931499183178,6
1.5231294929981232,-1.407931499183178,1.584364615380764,-1.3498456813395023,6
1.584364615380764,-1.407931499183178,1.6455997377634048,-1.3498456813395023,6
1.584364615380764,-1.3498456813395023,1.6455997377634048,-1.2917598634958267,6
1.6455997377634048,-1.4660173170268536,1.7068348601460457,-1.407931499183178,6
1.6455997377634048,-1.407931499183178,1.7068348601460457,-1.3498456813395023,6
0.8495431467890739,2.367646660655737,0.9107782691717148,2.4257324784994125,7
0.9107782691717148,2.367646660655737,0.9720133915543556,2.4257324784994125,7
0.9720133915543556,2.3095608428120613,1.0332485139369965,2.367646660655737,7
0.9720133915543556,2.367646660655737,1.0332485139369965,2.4257324784994125,7
0.7883080244064331,2.4257324784994125,0.8495431467890739,2.483818296343088,7
0.8495431467890739,2.4257324784994125,0.9107782691717148,2.483818296343088,7
0.9107782691717148,2.4257324784994125,0.9720133915543556,2.483818296343088,7
0.9720133915543556,2.4257324784994125,1.0332485139369965,2.483818296343088,7
1.0332485139369965,2.2514750249683857,1.0944836363196373,2.3095608428120613,7
1.0332485139369965,2.3095608428120613,1.0944836363196373,2.367646660655737,7
1.0332485139369965,2.367646660655737,1.0944836363196373,2.4257324784994125,7
1.0944836363196373,2.3095608428120613,1.1557187587022781,2.367646660655737,7
1.0944836363196373,2.367646660655737,1.1557187587022781,2.4257324784994125,7
-0.25268905609846115,-0.47855841368436813,-0.1914539337158203,-0.4204725958406925,8
-0.1914539337158203,-0.47855841368436813,-0.13021881133317947,-0.4204725958406925,8
-0.37515930086374283,-1.1755882278084755,-0.313924178481102,-1.1175024099647999,9
-0.37515930086374283,-1.1175024099647999,-0.313924178481102,-1.0594165921211243,9
-2.0285076051950455,0.9735870324075222,-1.9672724828124046,1.0316728502511978,10
-1.9672724828124046,0.9735870324075222,-1.9060373604297638,1.0316728502511978,10
-1.9672724828124046,1.0316728502511978,-1.9060373604297638,1.0897586680948734,10
-1.9060373604297638,0.9155012145638466,-1.844802238047123,0.9735870324075222,10
-1.9060373604297638,0.9735870324075222,-1.844802238047123,1.0316728502511978,10
-1.844802238047123,0.9735870324075222,-1.7835671156644821,1.0316728502511978,10
-1.9060373604297638,1.0316728502511978,-1.844802238047123,1.0897586680948734,10
-1.9060373604297638,1.0897586680948734,-1.844802238047123,1.147844485938549,10
-1.844802238047123,1.0316728502511978,-1.7835671156644821,1.0897586680948734,10
0.17595680058002472,0.9735870324075222,0.23719192296266556,1.0316728502511978,11
