-1.00646545475116,-1.001530523407273,0
-1.001530523407273,-0.996595592063386,0
-0.996595592063386,-0.9916606607194989,0
-0.07376343075651673,-0.06882849941262972,1
-0.06882849941262972,-0.06389356806874272,1
-0.06389356806874272,-0.05895863672485571,1
-0.05895863672485571,-0.054023705380968706,1
-0.054023705380968706,-0.0490887740370817,1
-0.2267463024170137,-0.22181137107312676,2
-0.22181137107312676,-0.21687643972923978,2
-0.21687643972923978,-0.21194150838535278,2
-0.21194150838535278,-0.20700657704146577,2
-0.20700657704146577,-0.20207164569757877,2
-0.20207164569757877,-0.19713671435369176,2
0.13350368568673732,0.13843861703062432,3
0.13843861703062432,0.14337354837451133,3
0.14337354837451133,0.14830847971839833,3
0.14830847971839833,0.15324341106228534,3
0.15324341106228534,0.15817834240617232,3
0.059479715528432314,0.06441464687231932,4
0.06441464687231932,0.0693495782162063,4
0.0693495782162063,0.0742845095600933,4
0.0742845095600933,0.07921944090398031,4
0.07921944090398031,0.08415437224786732,4
0.010130402089562313,0.01506533343344929,5
0.01506533343344929,0.020000264777336296,5
0.020000264777336296,0.024935196121223302,5
0.024935196121223302,0.029870127465110308,5
