-0.9004705588333308,-0.8933240970596672,0
-0.8933240970596672,-0.8861776352860034,0
-0.8861776352860034,-0.8790311735123397,0
-0.8790311735123397,-0.8718847117386759,0
-0.8718847117386759,-0.864738249965012,0
-0.864738249965012,-0.8575917881913484,0
-0.8575917881913484,-0.8504453264176846,0
-0.8504453264176846,-0.8432988646440209,0
0.5645541047677398,0.5717005665414037,1
0.5717005665414037,0.5788470283150673,1
0.5788470283150673,0.5859934900887311,1
0.5859934900887311,0.5931399518623948,1
0.5931399518623948,0.6002864136360586,1
-0.12150622550398116,-0.11435976373031731,2
-0.11435976373031731,-0.10721330195665363,2
-0.10721330195665363,-0.10006684018298984,2
-0.10006684018298984,-0.09292037840932604,2
-0.09292037840932604,-0.08577391663566236,2
-0.08577391663566236,-0.07862745486199851,2
-0.07862745486199851,-0.07148099308833478,2
-0.07148099308833478,-0.06433453131467104,2
-0.06433453131467104,-0.0571880695410073,2
-0.0571880695410073,-0.050041607767343566,2
-0.050041607767343566,-0.04289514599367972,2
-0.04289514599367972,-0.03574868422001598,2
