-0.8888902640342713,-0.881616457561031,0
-0.881616457561031,-0.8743426510877907,0
-0.8743426510877907,-0.8670688446145505,0
-0.8670688446145505,-0.8597950381413102,0
-0.8597950381413102,-0.8525212316680699,0
0.5731448370870202,0.5804186435602605,1
0.5804186435602605,0.5876924500335008,1
0.5876924500335008,0.5949662565067411,1
0.5949662565067411,0.6022400629799813,1
0.6022400629799813,0.6095138694532216,1
-0.09604535845108336,-0.08877155197784309,2
-0.08877155197784309,-0.08149774550460281,2
-0.08149774550460281,-0.0742239390313626,2
-0.0742239390313626,-0.06695013255812232,2
-0.06695013255812232,-0.05967632608488205,2
-0.05967632608488205,-0.052402519611641774,2
-0.052402519611641774,-0.0451287131384015,2
-0.0451287131384015,-0.037854906665161225,2
-0.037854906665161225,-0.03058110019192095,2
