-0.976176395220682,-0.9712305708788335,0
-0.9712305708788335,-0.9662847465369852,0
-0.9662847465369852,-0.9613389221951366,0
-0.13538625710643826,-0.1304404327645898,1
-0.1304404327645898,-0.1254946084227413,1
-0.1254946084227413,-0.12054878408089278,1
-0.12054878408089278,-0.1156029597390443,1
-0.1156029597390443,-0.1106571353971958,1
-0.1106571353971958,-0.10571131105534734,1
-0.2738693386781961,-0.26892351433634754,2
-0.26892351433634754,-0.2639776899944991,2
-0.2639776899944991,-0.2590318656526506,2
-0.2590318656526506,-0.25408604131080215,2
-0.25408604131080215,-0.2491402169689536,2
-0.2491402169689536,-0.2441943926271051,2
-0.2441943926271051,-0.23924856828525665,2
-0.23924856828525665,-0.2343027439434081,2
-0.2343027439434081,-0.22935691960155966,2
-0.22935691960155966,-0.22441109525971115,2
-0.22441109525971115,-0.21946527091786264,2
-0.21946527091786264,-0.21451944657601418,2
0.05255506788380443,0.057500892225652966,3
0.057500892225652966,0.06244671656750145,3
0.06244671656750145,0.06739254090934993,3
0.06739254090934993,0.07233836525119841,3
0.07233836525119841,0.07728418959304689,3
-0.06119889197871087,-0.056253067636862414,4
-0.056253067636862414,-0.051307243295013905,4
-0.051307243295013905,-0.046361418953165395,4
