-0.9870149880833924,-0.9809102180879564,0
-0.9809102180879564,-0.9748054480925202,0
-0.9748054480925202,-0.9687006780970843,0
-0.9687006780970843,-0.9625959081016481,0
0.34992964091710743,0.3560344109125435,1
0.3560344109125435,0.3621391809079796,1
0.3621391809079796,0.36824395090341566,1
0.36824395090341566,0.37434872089885174,1
0.37434872089885174,0.3804534908942878,1
0.08742453111335635,0.09352930110879243,2
0.09352930110879243,0.0996340711042285,2
0.0996340711042285,0.10573884109966458,2
0.10573884109966458,0.11184361109510066,2
0.11184361109510066,0.11794838109053674,2
0.11794838109053674,0.12405315108597281,2
0.12405315108597281,0.1301579210814089,2
0.1301579210814089,0.13626269107684497,2
-0.4681095384713262,-0.4620047684758902,3
-0.4620047684758902,-0.45589999848045404,3
-0.45589999848045404,-0.4497952284850181,3
-0.4497952284850181,-0.4436904584895819,3
-0.4436904584895819,-0.4375856884941459,3
-0.4375856884941459,-0.43148091849870973,3
-0.43148091849870973,-0.42537614850327377,3
-0.42537614850327377,-0.4192713785078376,3
-0.4192713785078376,-0.4131666085124016,3
-0.4131666085124016,-0.4070618385169655,3
-0.4070618385169655,-0.40095706852152946,3
-0.40095706852152946,-0.3948522985260933,3
-0.3948522985260933,-0.3887475285306573,3
-0.3887475285306573,-0.3826427585352212,3
-0.3826427585352212,-0.37653798853978515,3
-0.37653798853978515,-0.37043321854434913,3
-0.37043321854434913,-0.364328448548913,3
-0.364328448548913,-0.358223678553477,3
