-0.7020213794708252,-0.6953417575638741,0
-0.6953417575638741,-0.6886621356569231,0
-0.6886621356569231,-0.681982513749972,0
-0.681982513749972,-0.6753028918430208,0
-0.6753028918430208,-0.6686232699360699,0
-0.6686232699360699,-0.6619436480291188,0
0.8008935495931655,0.8075731715001166,1
0.8075731715001166,0.8142527934070676,1
0.8142527934070676,0.8209324153140187,1
0.8209324153140187,0.8276120372209699,1
0.8276120372209699,0.8342916591279208,1
0.39343661326915025,0.4001162351761014,2
0.4001162351761014,0.4067958570830523,2
0.4067958570830523,0.4134754789900035,2
0.4134754789900035,0.42015510089695457,2
0.42015510089695457,0.42683472280390555,2
0.42683472280390555,0.4335143447108567,2
0.4335143447108567,0.4401939666178078,2
0.4401939666178078,0.4468735885247588,2
0.4468735885247588,0.45355321043170993,2
0.45355321043170993,0.4602328323386609,2
0.4602328323386609,0.466912454245612,2
0.466912454245612,0.47359207615256316,2
0.47359207615256316,0.48027169805951414,2
0.48027169805951414,0.48695131996646523,2
