-0.4888883104920388,-0.48250577230937786,0
-0.48250577230937786,-0.47612323412671687,0
-0.47612323412671687,-0.4697406959440559,0
-0.4697406959440559,-0.46335815776139505,0
-0.46335815776139505,-0.4569756195787341,0
-0.27188201228156694,-0.26549947409890595,1
-0.26549947409890595,-0.25911693591624496,1
-0.25911693591624496,-0.252734397733584,1
-0.252734397733584,-0.24635185955092315,1
-0.24635185955092315,-0.2399693213682622,1
-0.2399693213682622,-0.23358678318560122,1
-0.23358678318560122,-0.22720424500294034,1
-0.22720424500294034,-0.22082170682027935,1
-0.22082170682027935,-0.21443916863761847,1
-0.21443916863761847,-0.20805663045495748,1
-0.20805663045495748,-0.2016740922722966,1
0.9025050133280456,0.9088875515107065,2
0.9088875515107065,0.9152700896933675,2
0.9152700896933675,0.9216526278760285,2
0.9216526278760285,0.9280351660586893,2
0.9280351660586893,0.9344177042413503,2
0.05362743503414091,0.060009973216801904,3
0.060009973216801904,0.06639251139946278,3
0.06639251139946278,0.07277504958212377,3
0.07277504958212377,0.07915758776478465,3
0.07915758776478465,0.08554012594744564,3
0.08554012594744564,0.09192266413010652,3
0.09192266413010652,0.09830520231276751,3
0.09830520231276751,0.1046877404954284,3
0.1046877404954284,0.11107027867808938,3
0.11107027867808938,0.11745281686075026,3
