-0.8401098742336035,-0.8335809253994375,0
-0.8335809253994375,-0.8270519765652715,0
-0.8270519765652715,-0.8205230277311057,0
-0.8205230277311057,-0.8139940788969398,0
-0.8139940788969398,-0.8074651300627738,0
0.6419615111220627,0.6484904599562287,1
0.6484904599562287,0.6550194087903947,1
0.6550194087903947,0.6615483576245607,1
0.6615483576245607,0.6680773064587264,1
0.6680773064587264,0.6746062552928924,1
-0.41572820001281796,-0.40919925117865197,2
-0.40919925117865197,-0.40267030234448614,2
-0.40267030234448614,-0.3961413535103202,2
-0.3961413535103202,-0.3896124046761542,2
-0.3896124046761542,-0.3830834558419883,2
-0.3830834558419883,-0.3765545070078224,2
-0.3765545070078224,-0.37002555817365645,2
-0.37002555817365645,-0.3634966093394905,2
-0.3634966093394905,-0.35696766050532464,2
-0.35696766050532464,-0.3504387116711587,2
-0.3504387116711587,-0.3439097628369927,2
-0.3439097628369927,-0.33738081400282677,2
-0.33738081400282677,-0.3308518651686609,2
-0.3308518651686609,-0.32432291633449495,2
