-0.6786908507347107,-0.6731595352757722,0
-0.6731595352757722,-0.6676282198168337,0
-0.6676282198168337,-0.6620969043578953,0
-0.6620969043578953,-0.6565655888989568,0
-0.6565655888989568,-0.6510342734400183,0
-0.6510342734400183,-0.6455029579810798,0
-0.6455029579810798,-0.6399716425221413,0
0.5437298656906933,0.5492611811496317,1
0.5492611811496317,0.5547924966085702,1
0.5547924966085702,0.5603238120675087,1
0.5603238120675087,0.5658551275264472,1
0.5658551275264472,0.5713864429853857,1
0.04038015892729163,0.04591147438623011,2
0.04591147438623011,0.05144278984516859,2
0.05144278984516859,0.05697410530410707,2
0.05697410530410707,0.06250542076304555,2
0.06250542076304555,0.06803673622198403,2
0.06803673622198403,0.07356805168092251,2
0.07356805168092251,0.07909936713986099,2
0.07909936713986099,0.08463068259879947,2
0.08463068259879947,0.09016199805773795,2
0.09016199805773795,0.09569331351667643,2
