-0.9846436166763306,-0.9795749108446763,0
-0.9795749108446763,-0.9745062050130218,0
-0.06213915531523531,-0.05707044948358092,1
-0.05707044948358092,-0.0520017436519265,1
-0.0520017436519265,-0.046933037820272167,1
-0.046933037820272167,-0.041864331988617776,1
-0.041864331988617776,-0.03679562615696344,1
-0.33078056439291686,-0.3257118585612625,2
-0.3257118585612625,-0.32064315272960814,2
-0.32064315272960814,-0.3155744468979538,2
-0.3155744468979538,-0.31050574106629936,2
-0.31050574106629936,-0.30543703523464505,2
-0.30543703523464505,-0.30036832940299063,2
-0.30036832940299063,-0.2952996235713363,2
0.10005943129770459,0.10512813712935892,3
0.10512813712935892,0.11019684296101331,3
0.11019684296101331,0.11526554879266765,3
0.11526554879266765,0.12033425462432204,3
-0.03679562615696344,-0.03172692032530905,4
-0.03172692032530905,-0.026658214493654714,4
