-0.26046647936105727,-0.25521101248450573,0
-0.25521101248450573,-0.24995554560795427,0
-0.24995554560795427,-0.24470007873140276,0
-0.24470007873140276,-0.23944461185485122,0
-0.23944461185485122,-0.2341891449782997,0
-0.2341891449782997,-0.22893367810174822,0
0.8852252997271717,0.8904807666037231,1
0.8904807666037231,0.8957362334802748,1
0.8957362334802748,0.9009917003568262,1
0.9009917003568262,0.9062471672333776,1
0.9062471672333776,0.9115026341099293,1
0.1336935363803059,0.1389490032568574,2
0.1389490032568574,0.1442044701334089,2
0.1442044701334089,0.1494599370099604,2
0.1494599370099604,0.15471540388651195,2
0.15471540388651195,0.1599708707630634,2
0.1599708707630634,0.16522633763961492,2
0.16522633763961492,0.17048180451616646,2
0.17048180451616646,0.17573727139271797,2
