-0.6158203949965536,-0.6102902959566564,0
-0.6102902959566564,-0.604760196916759,0
-0.604760196916759,-0.5992300978768618,0
-0.5992300978768618,-0.5936999988369643,0
-0.5936999988369643,-0.5881698997970671,0
0.528910106262192,0.5344402053020895,1
0.5344402053020895,0.5399703043419867,1
0.5399703043419867,0.5455004033818841,1
0.5455004033818841,0.5510305024217813,1
0.5510305024217813,0.5565606014616787,1
0.5565606014616787,0.562090700501576,1
0.562090700501576,0.5676207995414734,1
-0.2010629670042544,-0.1955328679643571,2
-0.1955328679643571,-0.19000276892445978,2
-0.19000276892445978,-0.18447266988456246,2
-0.18447266988456246,-0.17894257084466514,2
-0.17894257084466514,-0.17341247180476782,2
-0.17341247180476782,-0.1678823727648705,2
-0.1678823727648705,-0.16235227372497318,2
-0.16235227372497318,-0.15682217468507587,2
-0.15682217468507587,-0.15129207564517855,2
-0.15129207564517855,-0.14576197660528123,2
-0.14576197660528123,-0.1402318775653839,2
