-0.8745532772503792,-0.8670995684806257,0
-0.8670995684806257,-0.859645859710872,0
-0.859645859710872,-0.8521921509411186,0
-0.8521921509411186,-0.8447384421713651,0
-0.8447384421713651,-0.8372847334016114,0
0.8174386134836822,0.8248923222534359,1
0.8248923222534359,0.8323460310231894,1
0.8323460310231894,0.8397997397929429,1
0.8397997397929429,0.8472534485626966,1
0.8472534485626966,0.8547071573324501,1
0.556558806542307,0.5640125153120608,2
0.5640125153120608,0.5714662240818142,2
0.5714662240818142,0.5789199328515677,2
0.5789199328515677,0.5863736416213214,2
0.5863736416213214,0.5938273503910749,2
0.5938273503910749,0.6012810591608286,2
0.6012810591608286,0.6087347679305821,2
0.6087347679305821,0.6161884767003356,2
0.6161884767003356,0.6236421854700893,2
0.6236421854700893,0.6310958942398428,2
0.6310958942398428,0.6385496030095965,2
0.6385496030095965,0.64600331177935,2
0.64600331177935,0.6534570205491035,2
0.29567899960093197,0.3031327083706856,3
0.3031327083706856,0.3105864171404391,3
0.3105864171404391,0.31804012591019276,3
0.31804012591019276,0.3254938346799463,3
0.3254938346799463,0.33294754344969985,3
0.33294754344969985,0.34040125221945344,3
0.34040125221945344,0.347854960989207,3
0.347854960989207,0.35530866975896064,3
0.35530866975896064,0.3627623785287142,3
0.3627623785287142,0.3702160872984677,3
0.3702160872984677,0.3776697960682213,3
0.3776697960682213,0.38512350483797486,3
0.38512350483797486,0.3925772136077285,3
0.3925772136077285,0.40003092237748206,3
