-0.298905022079125,-0.2941726457001641,0
-0.2941726457001641,-0.2894402693212032,0
-0.2894402693212032,-0.2847078929422423,0
-0.2847078929422423,-0.2799755165632814,0
-0.2799755165632814,-0.27524314018432045,0
-0.10960996692068872,-0.1048775905417278,1
-0.1048775905417278,-0.10014521416276692,1
-0.10014521416276692,-0.09541283778380599,1
-0.09541283778380599,-0.09068046140484512,1
-0.09068046140484512,-0.08594808502588419,1
-0.08594808502588419,-0.08121570864692329,1
-0.08121570864692329,-0.07648333226796236,1
-0.07648333226796236,-0.07175095588900143,1
-0.07175095588900143,-0.06701857951004056,1
-0.06701857951004056,-0.06228620313107963,1
-0.06228620313107963,-0.05755382675211876,1
-0.05755382675211876,-0.05282145037315783,1
0.7374854049133137,0.7422177812922746,2
0.7422177812922746,0.7469501576712356,2
0.7469501576712356,0.7516825340501965,2
0.7516825340501965,0.7564149104291573,2
0.7564149104291573,0.7611472868081182,2
0.7611472868081182,0.7658796631870792,2
0.027628948069177595,0.032361324448138495,3
0.032361324448138495,0.037093700827099396,3
0.037093700827099396,0.0418260772060603,3
0.0418260772060603,0.04655845358502125,3
0.04655845358502125,0.0512908299639821,3
0.0512908299639821,0.056023206342943055,3
0.056023206342943055,0.060755582721903956,3
0.060755582721903956,0.06548795910086486,3
0.06548795910086486,0.07022033547982576,3
