-0.8555912590026855,-0.8496219847444444,0
-0.8496219847444444,-0.8436527104862035,0
-0.8436527104862035,-0.8376834362279624,0
-0.8376834362279624,-0.8317141619697213,0
-0.8317141619697213,-0.8257448877114801,0
-0.8257448877114801,-0.8197756134532392,0
-0.8197756134532392,-0.8138063391949981,0
0.4278027065191418,0.43377198077738277,1
0.43377198077738277,0.4397412550356239,1
0.4397412550356239,0.445710529293865,1
0.445710529293865,0.45167980355210596,1
0.45167980355210596,0.457649077810347,1
0.15918536489829416,0.16515463915653528,2
0.16515463915653528,0.17112391341477629,2
0.17112391341477629,0.1770931876730174,2
0.1770931876730174,0.1830624619312584,2
0.1830624619312584,0.18903173618949953,2
0.18903173618949953,0.19500101044774054,2
0.19500101044774054,0.20097028470598155,2
0.20097028470598155,0.20693955896422267,2
0.20693955896422267,0.21290883322246368,2
0.21290883322246368,0.2188781074807048,2
0.2188781074807048,0.2248473817389458,2
0.2248473817389458,0.2308166559971869,2
0.015922782700508842,0.02189205695874985,3
0.02189205695874985,0.02786133121699097,3
0.02786133121699097,0.03383060547523198,3
0.03383060547523198,0.0397998797334731,3
0.0397998797334731,0.04576915399171411,3
0.04576915399171411,0.051738428249955115,3
0.051738428249955115,0.057707702508196235,3
0.057707702508196235,0.06367697676643724,3
0.06367697676643724,0.06964625102467836,3
0.06964625102467836,0.07561552528291937,3
0.07561552528291937,0.08158479954116049,3
