-0.9616460894979537,-0.9541688345745205,0
-0.9541688345745205,-0.9466915796510875,0
-0.9466915796510875,-0.9392143247276545,0
-0.9392143247276545,-0.9317370698042213,0
-0.9317370698042213,-0.9242598148807883,0
0.6011001894995569,0.6085774444229901,1
0.6085774444229901,0.6160546993464231,1
0.6160546993464231,0.6235319542698563,1
0.6235319542698563,0.6310092091932893,1
0.6310092091932893,0.6384864641167223,1
-0.1241935380734503,-0.11671628315001725,2
-0.11671628315001725,-0.10923902822658421,2
-0.10923902822658421,-0.10176177330315112,2
-0.10176177330315112,-0.09428451837971807,2
-0.09428451837971807,-0.08680726345628503,2
-0.08680726345628503,-0.07933000853285188,2
-0.07933000853285188,-0.0718527536094189,2
-0.0718527536094189,-0.06437549868598585,2
-0.06437549868598585,-0.0568982437625527,2
-0.0568982437625527,-0.04942098883911972,2
