-0.5650400733947754,-0.5591150662954896,0
-0.5591150662954896,-0.553190059196204,0
-0.553190059196204,-0.5472650520969182,0
-0.5472650520969182,-0.5413400449976324,0
0.7858615452423692,0.791786552341655,1
0.791786552341655,0.7977115594409405,1
0.7977115594409405,0.8036365665402263,1
0.8036365665402263,0.8095615736395121,1
0.8095615736395121,0.8154865807387977,1
0.8154865807387977,0.8214115878380834,1
0.8214115878380834,0.8273365949373692,1
0.4125860979873687,0.41851110508665434,2
0.41851110508665434,0.42443611218594013,2
0.42443611218594013,0.4303611192852259,2
0.4303611192852259,0.43628612638451153,2
0.43628612638451153,0.44221113348379726,2
0.44221113348379726,0.44813614058308304,2
0.44813614058308304,0.45406114768236877,2
0.45406114768236877,0.4599861547816544,2
0.4599861547816544,0.4659111618809402,2
0.4659111618809402,0.47183616898022596,2
0.47183616898022596,0.4777611760795116,2
0.4777611760795116,0.4836861831787973,2
0.4836861831787973,0.4896111902780831,2
