-0.8204516895115376,-0.8133333512116224,0
-0.8133333512116224,-0.806215012911707,0
-0.806215012911707,-0.7990966746117919,0
-0.7990966746117919,-0.7919783363118768,0
-0.7919783363118768,-0.7848599980119616,0
-0.5855465256143361,-0.5784281873144209,1
-0.5784281873144209,-0.5713098490145058,1
-0.5713098490145058,-0.5641915107145906,1
-0.5641915107145906,-0.5570731724146754,1
-0.5570731724146754,-0.5499548341147601,1
-0.5499548341147601,-0.5428364958148449,1
-0.5428364958148449,-0.5357181575149298,1
-0.5357181575149298,-0.5285998192150146,1
-0.5285998192150146,-0.5214814809150994,1
-0.5214814809150994,-0.5143631426151841,1
-0.5143631426151841,-0.507244804315269,1
0.8523578109685331,0.8594761492684483,2
0.8594761492684483,0.8665944875683634,2
0.8665944875683634,0.8737128258682788,2
0.8737128258682788,0.880831164168194,2
0.880831164168194,0.8879495024681091,2
-0.2225112723186612,-0.21539293401874604,3
-0.21539293401874604,-0.20827459571883084,3
-0.20827459571883084,-0.20115625741891557,3
-0.20115625741891557,-0.19403791911900042,3
-0.19403791911900042,-0.18691958081908522,3
-0.18691958081908522,-0.17980124251917007,3
-0.17980124251917007,-0.17268290421925486,3
-0.17268290421925486,-0.1655645659193396,3
-0.1655645659193396,-0.15844622761942445,3
-0.15844622761942445,-0.15132788931950925,3
-0.15132788931950925,-0.1442095510195941,3
