-0.7968805508781223,-0.7894913939945398,0
-0.7894913939945398,-0.7821022371109574,0
-0.7821022371109574,-0.774713080227375,0
-0.774713080227375,-0.7673239233437925,0
-0.7673239233437925,-0.7599347664602101,0
-0.7599347664602101,-0.7525456095766275,0
0.8435122772771865,0.8509014341607689,1
0.8509014341607689,0.8582905910443516,1
0.8582905910443516,0.865679747927934,1
0.865679747927934,0.8730689048115164,1
0.8730689048115164,0.8804580616950989,1
-0.0505757056362926,-0.04318654875271016,2
-0.04318654875271016,-0.035797391869127726,2
-0.035797391869127726,-0.028408234985545178,2
-0.028408234985545178,-0.02101907810196274,2
-0.02101907810196274,-0.013629921218380303,2
-0.013629921218380303,-0.00624076433479781,2
-0.00624076433479781,0.0011483925487846824,2
