-0.07723873122595248,-0.07223971673753113,0
-0.07223971673753113,-0.06724070224910975,0
-0.06724070224910975,-0.06224168776068836,0
-0.06224168776068836,-0.05724267327226698,0
-0.05724267327226698,-0.0522436587838456,0
-0.0522436587838456,-0.047244644295424215,0
0.07773071791511027,0.08272973240353168,1
0.08272973240353168,0.08772874689195304,1
0.08772874689195304,0.09272776138037445,1
0.09272776138037445,0.0977267758687958,1
0.0977267758687958,0.10272579035721721,1
0.10272579035721721,0.10772480484563857,1
0.10772480484563857,0.11272381933405998,1
0.11272381933405998,0.11772283382248133,1
0.11772283382248133,0.12272184831090274,1
0.12272184831090274,0.1277208627993241,1
0.07273170342668892,0.07773071791511027,2
0.6576163985719905,0.6626154130604118,3
0.6626154130604118,0.6676144275488332,3
0.6676144275488332,0.6726134420372547,3
0.6726134420372547,0.677612456525676,3
0.677612456525676,0.6826114710140974,3
0.6826114710140974,0.6876104855025187,3
0.6876104855025187,0.6926094999909401,3
0.6926094999909401,0.6976085144793616,3
0.6976085144793616,0.7026075289677829,3
0.26769326847512276,0.27269228296354414,4
0.27269228296354414,0.2776912974519655,4
0.2776912974519655,0.2826903119403869,4
0.2826903119403869,0.2876893264288083,4
0.992550369296223,0.9975493837846444,5
0.9975493837846444,1.0025483982730659,5
1.0025483982730659,1.0075474127614872,5
0.7975888042477892,0.8025878187362105,6
0.8025878187362105,0.8075868332246319,6
0.8075868332246319,0.8125858477130532,6
0.8125858477130532,0.8175848622014747,6
0.8175848622014747,0.8225838766898961,6
0.8225838766898961,0.8275828911783174,6
0.8275828911783174,0.8325819056667387,6
