-0.36721420799382026,-0.36068523801863195,0
-0.36068523801863195,-0.3541562680434435,0
-0.3541562680434435,-0.3476272980682552,0
-0.3476272980682552,-0.3410983280930667,0
-0.3410983280930667,-0.33456935811787847,0
-0.33456935811787847,-0.32804038814269,0
-0.1256423189118504,-0.11911334893666203,1
-0.11911334893666203,-0.11258437896147366,1
-0.11258437896147366,-0.1060554089862853,1
-0.1060554089862853,-0.09952643901109692,1
-0.09952643901109692,-0.09299746903590855,1
-0.09299746903590855,-0.08646849906072018,1
-0.18440304868854585,-0.17787407871335748,2
-0.17787407871335748,-0.1713451087381691,2
-0.1713451087381691,-0.16481613876298074,2
-0.16481613876298074,-0.15828716878779236,2
-0.15828716878779236,-0.151758198812604,2
0.912463907143101,0.9189928771182895,3
0.9189928771182895,0.9255218470934777,3
0.9255218470934777,0.9320508170686662,3
0.9320508170686662,0.9385797870438545,3
0.0506398704182357,0.05716884039342407,4
0.05716884039342407,0.06369781036861244,4
0.06369781036861244,0.07022678034380081,4
0.07022678034380081,0.07675575031898918,4
0.07675575031898918,0.08328472029417755,4
0.08328472029417755,0.08981369026936592,4
0.08981369026936592,0.09634266024455429,4
0.09634266024455429,0.10287163021974266,4
0.10287163021974266,0.10940060019493103,4
