-1.0079204510804265,-1.001688504051417,0
-1.001688504051417,-0.9954565570224075,0
-0.9954565570224075,-0.9892246099933981,0
0.35064400124363604,0.35687594827264546,1
0.35687594827264546,0.3631078953016549,1
0.3631078953016549,0.3693398423306644,1
0.3693398423306644,0.3755717893596739,1
0.3755717893596739,0.38180373638868326,1
-0.33487017194740476,-0.3286382249183952,2
-0.3286382249183952,-0.32240627788938586,2
-0.32240627788938586,-0.3161743308603764,2
-0.3161743308603764,-0.30994238383136685,2
-0.30994238383136685,-0.3037104368023575,2
-0.3037104368023575,-0.297478489773348,2
-0.297478489773348,-0.2912465427443385,2
-0.2912465427443385,-0.285014595715329,2
-0.285014595715329,-0.27878264868631963,2
