-0.7661052167415618,-0.7592801488470287,0
-0.7592801488470287,-0.7524550809524952,0
-0.7524550809524952,-0.7456300130579621,0
-0.7456300130579621,-0.7388049451634287,0
-0.7388049451634287,-0.7319798772688955,0
-0.7319798772688955,-0.7251548093743623,0
0.8173105347901581,0.8241356026846915,1
0.8241356026846915,0.8309606705792247,1
0.8309606705792247,0.8377857384737581,1
0.8377857384737581,0.8446108063682913,1
0.8446108063682913,0.8514358742628245,1
0.37368112164549533,0.38050618954002857,2
0.38050618954002857,0.3873312574345618,2
0.3873312574345618,0.3941563253290951,2
0.3941563253290951,0.40098139322362836,2
0.40098139322362836,0.4078064611181617,2
0.4078064611181617,0.41463152901269495,2
0.41463152901269495,0.42145659690722814,2
0.42145659690722814,0.42828166480176155,2
0.42828166480176155,0.43510673269629474,2
