-0.05765404365956786,-0.0525667886482552,0
-0.0525667886482552,-0.04747953363694252,0
-0.04747953363694252,-0.04239227862562986,0
-0.04239227862562986,-0.0373050236143172,0
-0.0373050236143172,-0.03221776860300454,0
0.08478909665718676,0.08987635166849936,1
0.08987635166849936,0.09496360667981205,1
0.09496360667981205,0.10005086169112473,1
0.10005086169112473,0.10513811670243739,1
0.05935282160062344,0.06444007661193604,2
0.06444007661193604,0.06952733162324873,2
0.9852332336595282,0.9903204886708408,3
0.9903204886708408,0.9954077436821536,3
0.9954077436821536,1.0004949986934661,3
0.3035410621436313,0.30862831715494393,4
0.30862831715494393,0.31371557216625656,4
0.31371557216625656,0.31880282717756925,4
0.31880282717756925,0.32389008218888193,4
0.32389008218888193,0.3289773372001946,4
0.3289773372001946,0.33406459221150725,4
0.33406459221150725,0.3391518472228199,4
0.3391518472228199,0.34423910223413257,4
