0.04024400174617768,0.045502138929441605,0
0.045502138929441605,0.05076027611270548,0
0.05076027611270548,0.056018413295969405,0
0.056018413295969405,0.06127655047923328,0
0.06127655047923328,0.0665346876624972,0
0.0665346876624972,0.07179282484576108,0
0.07179282484576108,0.077050962029025,0
0.077050962029025,0.08230909921228888,0
0.08230909921228888,0.0875672363955528,0
0.0875672363955528,0.09282537357881668,0
0.09282537357881668,0.09808351076208058,0
0.09808351076208058,0.10334164794534445,0
0.10334164794534445,0.10859978512860832,0
