-0.4740774908754975,-0.4677765044011176,0
-0.4677765044011176,-0.4614755179267377,0
-0.4614755179267377,-0.45517453145235776,0
-0.45517453145235776,-0.4488735449779778,0
-0.4488735449779778,-0.4425725585035979,0
-0.3921646667085589,-0.38586368023417894,1
-0.38586368023417894,-0.379562693759799,1
-0.379562693759799,-0.3732617072854191,1
-0.3732617072854191,-0.36696072081103914,1
-0.36696072081103914,-0.36065973433665927,1
-0.36065973433665927,-0.35435874786227944,1
-0.35435874786227944,-0.34805776138789957,1
0.8302267093211412,0.8365276957955211,2
0.8365276957955211,0.842828682269901,2
0.842828682269901,0.849129668744281,2
0.849129668744281,0.8554306552186609,2
0.8554306552186609,0.8617316416930406,2
0.8617316416930406,0.8680326281674206,2
-0.03930942414328453,-0.03300843766890471,3
-0.03300843766890471,-0.02670745119452478,3
-0.02670745119452478,-0.020406464720144846,3
-0.020406464720144846,-0.014105478245765024,3
-0.014105478245765024,-0.007804491771385091,3
-0.007804491771385091,-0.0015035052970051588,3
-0.0015035052970051588,0.004797481177374774,3
0.004797481177374774,0.011098467651754595,3
0.011098467651754595,0.017399454126134528,3
0.017399454126134528,0.02370044060051446,3
