-0.783075499534607,-0.7762664356734603,0
-0.7762664356734603,-0.7694573718123139,0
-0.7694573718123139,-0.7626483079511672,0
0.19062063260935247,0.19742969647049907,1
0.19742969647049907,0.20423876033164556,1
0.20423876033164556,0.21104782419279222,1
0.21104782419279222,0.2178568880539387,1
0.2178568880539387,0.22466595191508532,1
0.22466595191508532,0.23147501577623192,1
0.23147501577623192,0.2382840796373784,1
0.2382840796373784,0.24509314349852507,1
0.24509314349852507,0.25190220735967156,1
0.25190220735967156,0.25871127122081816,1
0.25871127122081816,0.26552033508196476,1
0.26552033508196476,0.27232939894311126,1
0.27232939894311126,0.2791384628042579,1
-0.013651283225044608,-0.006842219363898061,2
-0.006842219363898061,-3.315550275151402e-05,2
-3.315550275151402e-05,0.006775908358395144,2
0.006775908358395144,0.013584972219541691,2
0.013584972219541691,0.020394036080688238,2
0.020394036080688238,0.027203099941834785,2
0.027203099941834785,0.03401216380298133,2
0.03401216380298133,0.04082122766412799,2
0.5583100811112673,0.5651191449724138,3
0.5651191449724138,0.5719282088335604,3
0.5719282088335604,0.5787372726947069,3
0.5787372726947069,0.5855463365558535,3
0.5855463365558535,0.5923554004170002,3
0.31999284597113725,0.32680190983228385,4
0.32680190983228385,0.33361097369343046,4
0.33361097369343046,0.340420037554577,4
0.340420037554577,0.3472291014157236,4
