-0.7207120424136519,-0.7136549105215817,0
-0.7136549105215817,-0.7065977786295117,0
-0.7065977786295117,-0.6995406467374414,0
-0.6995406467374414,-0.6924835148453712,0
-0.6924835148453712,-0.6854263829533012,0
0.8459712376259267,0.853028369517997,1
0.853028369517997,0.860085501410067,1
0.860085501410067,0.8671426333021373,1
0.8671426333021373,0.8741997651942075,1
0.8741997651942075,0.8812568970862775,1
0.8812568970862775,0.8883140289783478,1
-0.09262730401940644,-0.08557017212733631,2
-0.08557017212733631,-0.07851304023526606,2
-0.07851304023526606,-0.07145590834319593,2
-0.07145590834319593,-0.0643987764511258,2
-0.0643987764511258,-0.05734164455905555,2
-0.05734164455905555,-0.050284512666985415,2
-0.050284512666985415,-0.04322738077491517,2
-0.04322738077491517,-0.036170248882845035,2
-0.036170248882845035,-0.0291131169907749,2
-0.0291131169907749,-0.022055985098704656,2
