-0.0198860153090209,-0.014980043936520832,0
-0.014980043936520832,-0.010074072564020764,0
-0.010074072564020764,-0.005168101191520724,0
-0.005168101191520724,-0.0002621298190206567,0
-0.0002621298190206567,0.004643841553479411,0
0.004643841553479411,0.009549812925979478,0
0.009549812925979478,0.014455784298479546,0
0.014455784298479546,0.019361755670979586,0
0.019361755670979586,0.024267727043479653,0
0.024267727043479653,0.02917369841597972,0
0.02917369841597972,0.03407966978847979,0
0.03407966978847979,0.038985641160979856,0
