-0.8227882856316864,-0.8155522588640451,0
-0.8155522588640451,-0.8083162320964039,0
-0.8083162320964039,-0.8010802053287625,0
-0.8010802053287625,-0.7938441785611212,0
-0.7938441785611212,-0.78660815179348,0
0.7908456835523248,0.798081710319966,1
0.798081710319966,0.8053177370876075,1
0.8053177370876075,0.8125537638552487,1
0.8125537638552487,0.8197897906228899,1
0.8197897906228899,0.8270258173905314,1
0.8270258173905314,0.8342618441581726,1
-0.38862667957320807,-0.38139065280556683,2
-0.38139065280556683,-0.37415462603792543,2
-0.37415462603792543,-0.36691859927028414,2
-0.36691859927028414,-0.3596825725026429,2
-0.3596825725026429,-0.3524465457350016,2
-0.3524465457350016,-0.3452105189673602,2
-0.3452105189673602,-0.337974492199719,2
-0.337974492199719,-0.3307384654320777,2
-0.3307384654320777,-0.3235024386644363,2
-0.3235024386644363,-0.31626641189679505,2
-0.31626641189679505,-0.30903038512915376,2
