-0.06647785130888223,-0.061638575615361346,0
-0.061638575615361346,-0.05679929992184041,0
-0.05679929992184041,-0.051960024228319523,0
-0.051960024228319523,-0.04712074853479864,0
0.0835396951902658,0.08837897088378666,1
0.08837897088378666,0.0932182465773076,1
0.0932182465773076,0.0980575222708285,1
0.0980575222708285,0.10289679796434939,1
0.10289679796434939,0.1077360736578703,1
0.1077360736578703,0.11257534935139121,1
0.11257534935139121,0.1174146250449121,1
0.9739664227981121,0.978805698491633,2
0.978805698491633,0.9836449741851537,2
0.9836449741851537,0.9884842498786747,2
0.2383965173829347,0.2432357930764556,3
0.2432357930764556,0.2480750687699765,3
0.2480750687699765,0.25291434446349736,3
0.25291434446349736,0.2577536201570183,3
0.2577536201570183,0.26259289585053924,3
0.26259289585053924,0.26743217154406007,3
0.26743217154406007,0.272271447237581,3
0.272271447237581,0.27711072293110195,3
0.27711072293110195,0.2819499986246228,3
0.2819499986246228,0.2867892743181437,3
0.2867892743181437,0.29162855001166466,3
0.29162855001166466,0.2964678257051855,3
0.2964678257051855,0.3013071013987064,3
0.3013071013987064,0.30614637709222736,3
0.30614637709222736,0.3109856527857482,3
0.3109856527857482,0.31582492847926913,3
0.31582492847926913,0.32066420417279007,3
0.32066420417279007,0.325503479866311,3
0.325503479866311,0.33034275555983184,3
0.33034275555983184,0.3351820312533528,3
0.3351820312533528,0.3400213069468737,3
0.3400213069468737,0.34486058264039454,3
