-0.04617109785787761,-0.041675189197994775,0
-0.041675189197994775,-0.037179280538111925,0
-0.037179280538111925,-0.032683371878229076,0
-0.032683371878229076,-0.028187463218346254,0
-0.028187463218346254,-0.02369155455846339,0
-0.02369155455846339,-0.01919564589858057,0
-0.01919564589858057,-0.014699737238697719,0
-0.014699737238697719,-0.010203828578814855,0
-0.010203828578814855,-0.005707919918932047,0
-0.005707919918932047,-0.0012120112590491838,0
-0.0012120112590491838,0.0032838974008336796,0
0.0032838974008336796,0.007779806060716488,0
0.007779806060716488,0.012275714720599351,0
0.012275714720599351,0.016771623380482215,0
0.016771623380482215,0.021267532040365023,0
0.021267532040365023,0.025763440700247886,0
0.025763440700247886,0.03025934936013075,0
0.03025934936013075,0.03475525802001356,0
0.03475525802001356,0.03925116667989642,0
0.03925116667989642,0.04374707533977923,0
0.04374707533977923,0.04824298399966209,0
