-0.5423111027292906,-0.5366432427894323,0
-0.5366432427894323,-0.530975382849574,0
-0.530975382849574,-0.5253075229097157,0
-0.5253075229097157,-0.5196396629698574,0
-0.5196396629698574,-0.5139718030299991,0
-0.4516253436915576,-0.4459574837516993,1
-0.4459574837516993,-0.440289623811841,1
-0.440289623811841,-0.4346217638719827,1
-0.4346217638719827,-0.4289539039321244,1
-0.4289539039321244,-0.4232860439922661,1
-0.4232860439922661,-0.41761818405240775,1
-0.41761818405240775,-0.41195032411254934,1
-0.41195032411254934,-0.40628246417269104,1
-0.40628246417269104,-0.4006146042328327,1
-0.4006146042328327,-0.3949467442929744,1
0.7499609635584057,0.755628823498264,2
0.755628823498264,0.7612966834381223,2
0.7612966834381223,0.7669645433779806,2
0.7669645433779806,0.7726324033178389,2
0.7726324033178389,0.7783002632576972,2
0.7783002632576972,0.7839681231975555,2
-0.08888230754062532,-0.08321444760076702,3
-0.08321444760076702,-0.07754658766090872,3
-0.07754658766090872,-0.07187872772105042,3
-0.07187872772105042,-0.066210867781192,3
-0.066210867781192,-0.06054300784133371,3
-0.06054300784133371,-0.05487514790147541,3
-0.05487514790147541,-0.04920728796161711,3
-0.04920728796161711,-0.04353942802175881,3
-0.04353942802175881,-0.03787156808190051,3
-0.03787156808190051,-0.0322037081420421,3
-0.0322037081420421,-0.026535848202183798,3
