-0.04969731838209554,-0.04523994794231839,0
-0.04523994794231839,-0.040782577502541245,0
-0.040782577502541245,-0.036325207062764084,0
-0.036325207062764084,-0.03186783662298692,0
-0.03186783662298692,-0.027410466183209775,0
-0.027410466183209775,-0.022953095743432628,0
0.22220227844431065,0.2266596488840878,1
0.2266596488840878,0.23111701932386497,1
0.23111701932386497,0.23557438976364212,1
0.23557438976364212,0.24003176020341926,1
0.24003176020341926,0.24448913064319644,1
0.24448913064319644,0.24894650108297356,1
0.14642698096809909,0.15088435140787623,2
0.15088435140787623,0.1553417218476534,2
0.1553417218476534,0.15979909228743056,2
0.9933273645257577,0.9977847349655349,3
0.9977847349655349,1.002242105405312,3
1.002242105405312,1.0066994758450893,3
0.28460546460119074,0.2890628350409679,4
0.2890628350409679,0.2935202054807451,4
0.2935202054807451,0.2979775759205222,4
0.2979775759205222,0.30243494636029933,4
0.30243494636029933,0.30689231680007656,4
0.30689231680007656,0.3113496872398537,4
