-0.5863032136391848,-0.5819295853935182,0
-0.5819295853935182,-0.5775559571478517,0
-0.5775559571478517,-0.5731823289021849,0
-0.5731823289021849,-0.5688087006565183,0
-0.5688087006565183,-0.5644350724108518,0
-0.5644350724108518,-0.5600614441651852,0
-0.5600614441651852,-0.5556878159195184,0
-0.5556878159195184,-0.5513141876738519,0
-0.5513141876738519,-0.5469405594281853,0
-0.5469405594281853,-0.5425669311825185,0
-0.5425669311825185,-0.538193302936852,0
-0.538193302936852,-0.5338196746911854,0
-0.5338196746911854,-0.5294460464455188,0
-0.7043911762721837,-0.7000175480265172,1
-0.7000175480265172,-0.6956439197808504,1
-0.6956439197808504,-0.6912702915351838,1
-0.6912702915351838,-0.6868966632895173,1
-0.6868966632895173,-0.6825230350438505,1
-0.6825230350438505,-0.6781494067981839,1
-0.6781494067981839,-0.6737757785525174,1
-0.6737757785525174,-0.6694021503068508,1
-0.017731541702523862,-0.013357913456857246,2
-0.013357913456857246,-0.008984285211190601,2
-0.008984285211190601,-0.004610656965523985,2
-0.004610656965523985,-0.0002370287198573684,2
-0.35450091661885386,-0.3501272883731872,3
-0.3501272883731872,-0.3457536601275206,3
-0.3457536601275206,-0.34138003188185395,3
-0.34138003188185395,-0.33700640363618733,3
-0.33700640363618733,-0.3326327753905207,3
-0.3326327753905207,-0.32825914714485405,3
-0.32825914714485405,-0.3238855188991875,3
-0.3238855188991875,-0.3195118906535208,3
0.14409270338714122,0.1484663316328078,4
0.1484663316328078,0.15283995987847446,4
0.15283995987847446,0.15721358812414105,4
0.15721358812414105,0.16158721636980772,4
0.030378368999809002,0.03475199724547562,5
0.03475199724547562,0.039125625491142235,5
