-0.7310066513624042,-0.7249830393120648,0
-0.7249830393120648,-0.7189594272617251,0
-0.7189594272617251,-0.7129358152113855,0
-0.7129358152113855,-0.7069122031610459,0
-0.7069122031610459,-0.7008885911107064,0
-0.5442746778018773,-0.5382510657515377,1
-0.5382510657515377,-0.5322274537011981,1
-0.5322274537011981,-0.5262038416508585,1
-0.5262038416508585,-0.520180229600519,1
-0.520180229600519,-0.5141566175501794,1
-0.5141566175501794,-0.5081330054998398,1
-0.5081330054998398,-0.5021093934495002,1
-0.5021093934495002,-0.4960857813991607,1
-0.4960857813991607,-0.4900621693488211,1
0.612258835863322,0.6182824479136616,2
0.6182824479136616,0.6243060599640012,2
0.6243060599640012,0.6303296720143409,2
0.6303296720143409,0.6363532840646803,2
0.6363532840646803,0.6423768961150199,2
0.6423768961150199,0.6484005081653595,2
-0.26718852348625666,-0.261164911435917,3
-0.261164911435917,-0.25514129938557745,3
-0.25514129938557745,-0.24911768733523781,3
-0.24911768733523781,-0.2430940752848983,3
-0.2430940752848983,-0.23707046323455871,3
-0.23707046323455871,-0.23104685118421908,3
-0.23104685118421908,-0.2250232391338795,3
-0.2250232391338795,-0.21899962708353998,3
-0.21899962708353998,-0.2129760150332004,3
-0.2129760150332004,-0.20695240298286077,3
