-0.5839406275749206,-0.5778576045203954,0
-0.5778576045203954,-0.5717745814658701,0
-0.5717745814658701,-0.5656915584113449,0
-0.237208313466981,-0.23112529041245577,1
-0.23112529041245577,-0.22504226735793054,1
-0.22504226735793054,-0.21895924430340527,1
-0.21895924430340527,-0.21287622124887998,1
-0.21287622124887998,-0.20679319819435474,1
-0.20679319819435474,-0.20071017513982947,1
-0.20071017513982947,-0.19462715208530423,1
-0.19462715208530423,-0.188544129030779,1
-0.188544129030779,-0.18246110597625376,1
-0.18246110597625376,-0.17637808292172852,1
-0.17637808292172852,-0.17029505986720317,1
-0.17029505986720317,-0.16421203681267793,1
-0.16421203681267793,-0.1581290137581527,1
-0.1581290137581527,-0.15204599070362745,1
-0.47444621259346603,-0.4683631895389408,2
-0.4683631895389408,-0.46228016648441544,2
-0.46228016648441544,-0.4561971434298902,2
-0.4561971434298902,-0.4501141203753649,2
-0.4501141203753649,-0.4440310973208397,2
-0.4440310973208397,-0.43794807426631444,2
-0.43794807426631444,-0.4318650512117892,2
-0.4318650512117892,-0.42578202815726396,2
-0.42578202815726396,-0.4196990051027387,2
-0.4196990051027387,-0.4136159820482135,2
-0.4136159820482135,-0.40753295899368824,2
-0.40753295899368824,-0.40144993593916295,2
-0.40144993593916295,-0.3953669128846377,2
