0.352226593894884,0.3591022358834744,0
0.3591022358834744,0.3659778778720647,0
0.3659778778720647,0.3728535198606551,0
0.3728535198606551,0.37972916184924543,0
0.37972916184924543,0.38660480383783574,0
0.38660480383783574,0.39348044582642616,0
0.39348044582642616,0.40035608781501647,0
0.40035608781501647,0.4072317298036069,0
0.4072317298036069,0.4141073717921972,0
0.4141073717921972,0.4209830137807876,0
0.4209830137807876,0.42785865576937787,0
0.15970861821435395,0.16658426020294426,1
0.16658426020294426,0.17345990219153468,1
0.17345990219153468,0.18033554418012498,1
0.18033554418012498,0.1872111861687154,1
0.1872111861687154,0.1940868281573057,1
0.1940868281573057,0.20096247014589613,1
0.20096247014589613,0.20783811213448644,1
0.20783811213448644,0.21471375412307675,1
0.21471375412307675,0.22158939611166717,1
0.22158939611166717,0.22846503810025748,1
0.22846503810025748,0.2353406800888479,1
0.2353406800888479,0.2422163220774382,1
0.2422163220774382,0.24909196406602863,1
0.6547548413928598,0.6616304833814503,2
0.6616304833814503,0.6685061253700405,2
0.6685061253700405,0.675381767358631,2
0.675381767358631,0.6822574093472212,2
0.6822574093472212,0.6891330513358117,2
0.43473429775796835,0.4416099397465586,3
0.4416099397465586,0.4484855817351491,3
0.4484855817351491,0.45536122372373933,3
0.45536122372373933,0.4622368657123298,3
0.4622368657123298,0.46911250770092006,3
