-0.31242676079273224,-0.3054237365722656,0
-0.3054237365722656,-0.298420712351799,0
-0.298420712351799,-0.2914176881313324,0
-0.2914176881313324,-0.2844146639108658,0
-0.046311840415000916,-0.0393088161945343,1
-0.0393088161945343,-0.03230579197406769,1
-0.03230579197406769,-0.025302767753601074,1
-0.025302767753601074,-0.01829974353313446,1
-0.01829974353313446,-0.011296719312667847,1
-0.011296719312667847,-0.004293695092201233,1
-0.004293695092201233,0.002709329128265381,1
0.002709329128265381,0.009712353348731995,1
0.009712353348731995,0.01671537756919861,1
0.01671537756919861,0.023718401789665222,1
0.023718401789665222,0.030721426010131836,1
0.030721426010131836,0.03772445023059845,1
0.9691266715526581,0.9761296957731247,2
0.9761296957731247,0.9831327199935913,2
0.9831327199935913,0.9901357442140579,2
0.9901357442140579,0.9971387684345245,2
0.18478795886039734,0.19179098308086395,3
0.19179098308086395,0.19879400730133057,3
0.19879400730133057,0.20579703152179718,3
0.20579703152179718,0.2128000557422638,3
0.2128000557422638,0.2198030799627304,3
0.2198030799627304,0.22680610418319702,3
0.22680610418319702,0.23380912840366364,3
0.23380912840366364,0.24081215262413025,3
0.24081215262413025,0.24781517684459686,3
0.24781517684459686,0.2548182010650635,3
0.2548182010650635,0.2618212252855301,3
0.2618212252855301,0.2688242495059967,3
0.2688242495059967,0.2758272737264633,3
0.2758272737264633,0.28283029794692993,3
0.28283029794692993,0.28983332216739655,3
0.28983332216739655,0.29683634638786316,3
0.29683634638786316,0.3038393706083298,3
0.3038393706083298,0.3108423948287964,3
0.3108423948287964,0.317845419049263,3
0.317845419049263,0.3248484432697296,3
