-0.06316455700434745,-0.05852838742081079,0
-0.05852838742081079,-0.0538922178372741,0
-0.0538922178372741,-0.04925604825373742,0
-0.04925604825373742,-0.04461987867020073,0
0.9336119034560396,0.9382480730395765,1
0.9382480730395765,0.9428842426231131,1
0.9428842426231131,0.9475204122066497,1
0.18255243092309678,0.1871886005066335,2
0.1871886005066335,0.19182477009017015,2
0.19182477009017015,0.19646093967370687,2
0.19646093967370687,0.20109710925724353,2
0.20109710925724353,0.20573327884078024,2
0.20573327884078024,0.2103694484243169,2
0.2103694484243169,0.21500561800785362,2
0.21500561800785362,0.21964178759139028,2
