-0.957965014250949,-0.9529480605758727,0
-0.9529480605758727,-0.9479311069007963,0
-0.9479311069007963,-0.9429141532257199,0
-0.9429141532257199,-0.9378971995506435,0
-0.9378971995506435,-0.9328802458755672,0
-0.01477772333659233,-0.009760769661515956,1
-0.009760769661515956,-0.004743815986439581,1
-0.004743815986439581,0.0002731376886367931,1
0.0002731376886367931,0.0052900913637131675,1
0.0052900913637131675,0.010307045038789542,1
-0.16528633358888326,-0.16026937991380688,2
-0.16026937991380688,-0.15525242623873056,2
-0.15525242623873056,-0.1502354725636542,2
-0.1502354725636542,-0.1452185188885778,2
-0.1452185188885778,-0.14020156521350147,2
0.14074784059077505,0.1457647942658514,3
0.1457647942658514,0.15078174794092777,3
0.15078174794092777,0.15579870161600415,3
0.15579870161600415,0.16081565529108047,3
0.030374859739094984,0.03539181341417136,4
0.03539181341417136,0.040408767089247705,4
0.040408767089247705,0.04542572076432408,4
0.04542572076432408,0.050442674439400426,4
