-1.002564606666565,-0.997405410706997,0
-0.997405410706997,-0.9922462147474289,0
-0.1564564692974091,-0.15129727333784107,1
-0.15129727333784107,-0.14613807737827303,1
-0.14613807737827303,-0.140978881418705,1
-0.140978881418705,-0.13581968545913697,1
-0.13581968545913697,-0.13066048949956893,1
-0.13066048949956893,-0.12550129354000095,1
-0.4814858147501946,-0.47632661879062654,2
-0.47632661879062654,-0.4711674228310585,2
-0.4711674228310585,-0.46600822687149046,2
-0.46600822687149046,-0.4608490309119225,2
-0.4608490309119225,-0.45568983495235443,2
-0.45568983495235443,-0.4505306389927864,2
-0.4505306389927864,-0.4453714430332184,2
-0.4453714430332184,-0.4402122470736505,2
-0.4402122470736505,-0.43505305111408243,2
0.029274585247039797,0.03443378120660781,3
0.03443378120660781,0.03959297716617585,3
0.03959297716617585,0.04475217312574384,3
0.04475217312574384,0.04991136908531185,3
0.04991136908531185,0.05507056504487989,3
-0.0997053137421608,-0.09454611778259281,4
-0.09454611778259281,-0.0893869218230248,4
-0.0893869218230248,-0.08422772586345675,4
