-0.9254248189926148,-0.9182371942605824,0
-0.9182371942605824,-0.91104956952855,0
-0.91104956952855,-0.9038619447965176,0
-0.9038619447965176,-0.896674320064485,0
-0.896674320064485,-0.8894866953324526,0
0.6917907457146794,0.6989783704467117,1
0.6989783704467117,0.7061659951787441,1
0.7061659951787441,0.7133536199107766,1
0.7133536199107766,0.7205412446428091,1
0.7205412446428091,0.7277288693748415,1
0.7277288693748415,0.7349164941068739,1
-0.00540885329246521,0.0017787714395671728,2
0.0017787714395671728,0.008966396171599667,2
0.008966396171599667,0.01615402090363205,2
0.01615402090363205,0.023341645635664432,2
0.023341645635664432,0.030529270367696926,2
0.030529270367696926,0.03771689509972931,2
0.03771689509972931,0.04490451983176169,2
0.04490451983176169,0.052092144563794185,2
0.052092144563794185,0.05927976929582657,2
0.05927976929582657,0.06646739402785895,2
