-0.10693722828291355,-0.10223870048765092,0
-0.10223870048765092,-0.09754017269238828,0
-0.09754017269238828,-0.09284164489712567,0
-0.09284164489712567,-0.08814311710186304,0
-0.08814311710186304,-0.0834445893066004,0
0.02932007777970283,0.03401860557496547,1
0.03401860557496547,0.03871713337022811,1
0.03871713337022811,0.043415661165490754,1
0.043415661165490754,0.048114188960753396,1
-0.0035696167871356044,0.001128911008127037,2
0.001128911008127037,0.0058274388033896785,2
0.0058274388033896785,0.01052596659865232,2
0.01052596659865232,0.015224494393914934,2
0.015224494393914934,0.019923022189177575,2
0.926738886674866,0.9314374144701287,3
0.9314374144701287,0.9361359422653912,3
0.9361359422653912,0.9408344700606539,3
0.9408344700606539,0.9455329978559166,3
0.9455329978559166,0.9502315256511793,3
0.9502315256511793,0.9549300534464418,3
0.9549300534464418,0.9596285812417045,3
0.5273640240775421,0.5320625518728048,4
0.5320625518728048,0.5367610796680673,4
0.5367610796680673,0.54145960746333,4
0.54145960746333,0.5461581352585927,4
0.5461581352585927,0.5508566630538554,4
0.5508566630538554,0.5555551908491179,4
0.9737241646274923,0.978422692422755,5
0.978422692422755,0.9831212202180177,5
0.9831212202180177,0.9878197480132802,5
0.9878197480132802,0.9925182758085429,5
0.9925182758085429,0.9972168036038056,5
0.9972168036038056,1.001915331399068,5
1.001915331399068,1.006613859194331,5
