-0.11859353733249012,-0.11330470420420169,0
-0.11330470420420169,-0.10801587107591329,0
-0.10801587107591329,-0.10272703794762494,0
-0.10272703794762494,-0.09743820481933652,0
-0.09743820481933652,-0.09214937169104817,0
-0.09214937169104817,-0.08686053856275977,0
-0.08686053856275977,-0.08157170543447137,0
-0.08157170543447137,-0.076282872306183,0
-0.076282872306183,-0.0709940391778946,0
-0.0709940391778946,-0.0657052060496062,0
-0.0657052060496062,-0.060416372921317824,0
-0.060416372921317824,-0.05512753979302942,0
-0.05512753979302942,-0.049838706664740995,0
-0.049838706664740995,-0.04454987353645268,0
-0.04454987353645268,-0.03926104040816425,0
-0.03926104040816425,-0.03397220727987593,0
-0.03397220727987593,-0.028683374151587504,0
