-0.7172451862506568,-0.710805245032534,0
-0.710805245032534,-0.7043653038144111,0
-0.7043653038144111,-0.6979253625962885,0
-0.6979253625962885,-0.6914854213781656,0
0.6931019405182453,0.6995418817363679,1
0.6995418817363679,0.7059818229544907,1
0.7059818229544907,0.7124217641726136,1
0.7124217641726136,0.7188617053907365,1
0.7188617053907365,0.7253016466088593,1
0.7253016466088593,0.7317415878269822,1
0.7317415878269822,0.738181529045105,1
-0.24712947732768953,-0.24068953610956667,2
-0.24068953610956667,-0.2342495948914438,2
-0.2342495948914438,-0.227809653673321,2
-0.227809653673321,-0.22136971245519815,2
-0.22136971245519815,-0.2149297712370753,2
-0.2149297712370753,-0.20848983001895255,2
-0.20848983001895255,-0.2020498888008297,2
-0.2020498888008297,-0.19560994758270683,2
-0.19560994758270683,-0.18917000636458403,2
-0.18917000636458403,-0.18273006514646117,2
-0.18273006514646117,-0.17629012392833832,2
-0.17629012392833832,-0.16985018271021546,2
-0.16985018271021546,-0.1634102414920926,2
-0.1634102414920926,-0.15697030027396974,2
