-0.938163104057312,-0.9308198073785752,0
-0.9308198073785752,-0.9234765106998384,0
-0.9234765106998384,-0.9161332140211016,0
-0.9161332140211016,-0.9087899173423648,0
0.5525261217262596,0.5598694184049964,1
0.5598694184049964,0.5672127150837332,1
0.5672127150837332,0.57455601176247,1
0.57455601176247,0.5818993084412067,1
0.5818993084412067,0.5892426051199435,1
0.31019733132794497,0.31754062800668176,2
0.31754062800668176,0.32488392468541855,2
0.32488392468541855,0.33222722136415545,2
0.33222722136415545,0.33957051804289223,2
0.33957051804289223,0.346913814721629,2
0.346913814721629,0.35425711140036586,2
0.35425711140036586,0.36160040807910265,2
0.36160040807910265,0.36894370475783944,2
0.36894370475783944,0.37628700143657623,2
0.37628700143657623,0.383630298115313,2
0.383630298115313,0.3909735947940498,2
-0.181803546147421,-0.17446024946868421,3
-0.17446024946868421,-0.16711695278994743,3
-0.16711695278994743,-0.15977365611121058,3
-0.15977365611121058,-0.1524303594324738,3
-0.1524303594324738,-0.145087062753737,3
-0.145087062753737,-0.1377437660750001,3
-0.1377437660750001,-0.13040046939626332,3
-0.13040046939626332,-0.12305717271752653,3
-0.12305717271752653,-0.11571387603878969,3
-0.11571387603878969,-0.1083705793600529,3
-0.1083705793600529,-0.10102728268131611,3
-0.10102728268131611,-0.09368398600257932,3
-0.09368398600257932,-0.08634068932384253,3
-0.08634068932384253,-0.07899739264510575,3
-0.07899739264510575,-0.07165409596636896,3
-0.07165409596636896,-0.06431079928763211,3
-0.06431079928763211,-0.05696750260889527,3
-0.05696750260889527,-0.04962420593015848,3
-0.04962420593015848,-0.042280909251421694,3
-0.042280909251421694,-0.034937612572684906,3
