-0.7773443543910981,-0.7703822221513839,0
-0.7703822221513839,-0.7634200899116694,0
-0.7634200899116694,-0.7564579576719552,0
-0.7564579576719552,-0.749495825432241,0
-0.749495825432241,-0.7425336931925268,0
-0.7425336931925268,-0.7355715609528124,0
0.7752111350651831,0.7821732673048973,1
0.7821732673048973,0.7891353995446115,1
0.7891353995446115,0.796097531784326,1
0.796097531784326,0.8030596640240402,1
0.8030596640240402,0.8100217962637544,1
0.23912695260718464,0.2460890848468989,2
0.2460890848468989,0.2530512170866132,2
0.2530512170866132,0.26001334932632747,2
0.26001334932632747,0.2669754815660417,2
0.2669754815660417,0.27393761380575593,2
0.27393761380575593,0.2808997460454703,2
0.2808997460454703,0.2878618782851845,2
0.2878618782851845,0.29482401052489876,2
0.29482401052489876,0.3017861427646131,2
0.3017861427646131,0.30874827500432733,2
0.30874827500432733,0.31571040724404154,2
0.31571040724404154,0.3226725394837558,2
