-0.15661796948406848,-0.15204504180699585,0
-0.15204504180699585,-0.14747211412992325,0
-0.14747211412992325,-0.1428991864528507,0
-0.1428991864528507,-0.1383262587757781,0
-0.1383262587757781,-0.13375333109870555,0
-0.13375333109870555,-0.12918040342163295,0
-0.4538582684937864,-0.4492853408167139,1
-0.4492853408167139,-0.4447124131396413,1
-0.4447124131396413,-0.44013948546256865,1
-0.44013948546256865,-0.43556655778549613,1
-0.43556655778549613,-0.43099363010842356,1
-0.43099363010842356,-0.4264207024313509,1
-0.4264207024313509,-0.42184777475427837,1
-0.42184777475427837,-0.4172748470772058,1
-0.4172748470772058,-0.4127019194001332,1
-0.4127019194001332,-0.4081289917230606,1
-0.4081289917230606,-0.403556064045988,1
-0.403556064045988,-0.39898313636891547,1
-0.39898313636891547,-0.39441020869184285,1
-0.39441020869184285,-0.3898372810147702,1
-0.3898372810147702,-0.3852643533376977,1
-0.3852643533376977,-0.3806914256606251,1
-0.3806914256606251,-0.37611849798355257,1
-0.37611849798355257,-0.37154557030647994,1
-0.37154557030647994,-0.3669726426294073,1
-0.3669726426294073,-0.3623997149523348,1
-0.3623997149523348,-0.3578267872752622,1
-0.3578267872752622,-0.35325385959818956,1
-0.35325385959818956,-0.34868093192111704,1
-0.34868093192111704,-0.3441080042440444,1
-0.3441080042440444,-0.3395350765669718,1
-0.3395350765669718,-0.3349621488898993,1
-0.3349621488898993,-0.33038922121282666,1
-0.33038922121282666,-0.32581629353575403,1
-0.32581629353575403,-0.3212433658586815,1
-0.3212433658586815,-0.3166704381816089,1
-0.3166704381816089,-0.3120975105045364,1
-0.3120975105045364,-0.30752458282746375,1
-0.30752458282746375,-0.30295165515039113,1
-0.30295165515039113,-0.2983787274733186,1
-0.2983787274733186,-0.293805799796246,1
-0.293805799796246,-0.28923287211917337,1
-0.28923287211917337,-0.28465994444210085,1
-0.28465994444210085,-0.28008701676502823,1
-0.28008701676502823,-0.2755140890879556,1
-0.2755140890879556,-0.2709411614108831,1
-0.2709411614108831,-0.26636823373381047,1
-0.26636823373381047,-0.26179530605673795,1
-0.26179530605673795,-0.25722237837966533,1
-0.25722237837966533,-0.2526494507025927,1
-0.2526494507025927,-0.24807652302552016,1
-0.24807652302552016,-0.24350359534844757,1
-0.24350359534844757,-0.23893066767137494,1
-0.23893066767137494,-0.23435773999430243,1
-0.23435773999430243,-0.2297848123172298,1
-0.2297848123172298,-0.2252118846401572,1
-0.2252118846401572,-0.22063895696308466,1
0.07660134204663338,0.08117426972370595,2
0.08117426972370595,0.08574719740077853,2
0.08574719740077853,0.09032012507785113,2
0.09032012507785113,0.09489305275492371,2
0.09489305275492371,0.09946598043199628,2
-0.051440632911399,-0.04686770523432643,3
-0.04686770523432643,-0.04229477755725386,3
