-0.9940136957168579,-0.9878413677215576,0
-0.9878413677215576,-0.9816690397262573,0
-0.9816690397262573,-0.9754967117309572,0
-0.13606010437011723,-0.1298877763748169,1
-0.1298877763748169,-0.1237154483795167,1
-0.1237154483795167,-0.11754312038421638,1
-0.11754312038421638,-0.11137079238891606,1
-0.11137079238891606,-0.10519846439361574,1
-0.10519846439361574,-0.09902613639831548,1
-0.09902613639831548,-0.09285380840301521,1
-0.09285380840301521,-0.0866814804077149,1
-0.0866814804077149,-0.08050915241241458,1
-0.08050915241241458,-0.07433682441711431,1
-0.07433682441711431,-0.06816449642181405,1
-0.06816449642181405,-0.06199216842651373,1
-0.06199216842651373,-0.05581984043121341,1
-0.05581984043121341,-0.049647512435913144,1
-0.049647512435913144,-0.04347518444061288,1
-0.04347518444061288,-0.03730285644531256,1
0.2774858713150024,0.28365819931030267,2
0.28365819931030267,0.289830527305603,2
0.289830527305603,0.2960028553009033,2
0.2960028553009033,0.30217518329620363,2
0.055282063484191846,0.06145439147949211,3
0.06145439147949211,0.06762671947479243,3
