-0.9802329158782959,-0.9751379983359947,0
-0.9751379983359947,-0.9700430807936937,0
-0.9700430807936937,-0.9649481632513925,0
-0.338273305548355,-0.3331783880060538,1
-0.3331783880060538,-0.32808347046375275,1
-0.32808347046375275,-0.3229885529214516,1
-0.3229885529214516,-0.3178936353791505,1
-0.3178936353791505,-0.31279871783684937,1
-0.31279871783684937,-0.30770380029454825,1
-0.06314775826409455,-0.05805284072179345,2
-0.05805284072179345,-0.0529579231794923,2
-0.0529579231794923,-0.0478630056371912,2
-0.0478630056371912,-0.04276808809489013,2
-0.04276808809489013,-0.03767317055258898,2
-0.1752359441947192,-0.17014102665241804,3
-0.17014102665241804,-0.16504610911011694,3
-0.16504610911011694,-0.15995119156781584,3
-0.15995119156781584,-0.1548562740255147,3
-0.1548562740255147,-0.1497613564832136,3
-0.1497613564832136,-0.14466643894091244,3
-0.14466643894091244,-0.13957152139861134,3
-0.13957152139861134,-0.1344766038563102,3
-0.1344766038563102,-0.12938168631400912,3
-0.12938168631400912,-0.12428676877170797,3
-0.12428676877170797,-0.11919185122940687,3
0.12026927325874567,0.12536419080104683,4
0.12536419080104683,0.13045910834334792,4
0.13045910834334792,0.13555402588564908,4
0.13555402588564908,0.14064894342795015,4
-0.02748333546798673,-0.022388417925685633,5
-0.022388417925685633,-0.01729350038338448,5
-0.01729350038338448,-0.012198582841083383,5
