-0.14974709413945675,-0.14413432031869888,0
-0.14413432031869888,-0.13852154649794102,0
-0.13852154649794102,-0.13290877267718315,0
-0.13290877267718315,-0.12729599885642529,0
-0.12729599885642529,-0.12168322503566742,0
-0.12168322503566742,-0.11607045121490955,0
-0.11607045121490955,-0.11045767739415169,0
-0.11045767739415169,-0.10484490357339382,0
-0.10484490357339382,-0.09923212975263596,0
-0.09923212975263596,-0.09361935593187809,0
-0.09361935593187809,-0.08800658211112022,0
-0.08800658211112022,-0.08239380829036236,0
-0.08239380829036236,-0.07678103446960449,0
-0.07678103446960449,-0.07116826064884663,0
-0.07116826064884663,-0.06555548682808876,0
