-0.027077299514785408,-0.022355332851875548,0
-0.022355332851875548,-0.017633366188965743,0
-0.017633366188965743,-0.012911399526055883,0
-0.012911399526055883,-0.008189432863146079,0
0.20902103363070637,0.2137430002936162,1
0.2137430002936162,0.21846496695652606,1
0.21846496695652606,0.2231869336194359,1
0.2231869336194359,0.2279089002823457,1
0.2279089002823457,0.2326308669452556,1
0.09097186705796048,0.09569383372087034,2
0.09569383372087034,0.10041580038378015,2
0.10041580038378015,0.10513776704669,2
0.992867499673739,0.9975894663366489,3
0.9975894663366489,1.0023114329995586,3
1.0023114329995586,1.0070333996624687,3
0.5490026333602145,0.5537246000231244,4
0.5537246000231244,0.5584465666860342,4
0.5584465666860342,0.563168533348944,4
0.563168533348944,0.5678905000118539,4
0.5678905000118539,0.5726124666747636,4
0.5726124666747636,0.5773344333376735,4
0.5773344333376735,0.5820564000005835,4
0.5820564000005835,0.5867783666634931,4
0.5867783666634931,0.5915003333264031,4
0.5915003333264031,0.596222299989313,4
0.596222299989313,0.6009442666522227,4
0.6009442666522227,0.6056662333151326,4
0.6056662333151326,0.6103881999780425,4
0.6103881999780425,0.6151101666409522,4
0.6151101666409522,0.6198321333038621,4
0.6198321333038621,0.6245540999667718,4
0.6245540999667718,0.6292760666296817,4
0.6292760666296817,0.6339980332925916,4
0.6339980332925916,0.6387199999555013,4
0.6387199999555013,0.6434419666184112,4
0.6434419666184112,0.6481639332813212,4
0.6481639332813212,0.6528858999442309,4
0.6528858999442309,0.6576078666071408,4
0.6576078666071408,0.6623298332700507,4
0.6623298332700507,0.6670517999329604,4
0.6670517999329604,0.6717737665958703,4
0.6717737665958703,0.6764957332587802,4
0.6764957332587802,0.6812176999216899,4
0.6812176999216899,0.6859396665845998,4
0.6859396665845998,0.6906616332475095,4
