0.6469449976738543,0.6533006019517779,0
0.6533006019517779,0.6596562062297017,0
0.6596562062297017,0.6660118105076253,0
0.6660118105076253,0.6723674147855491,0
0.6723674147855491,0.6787230190634727,0
0.6787230190634727,0.6850786233413965,0
0.08765182121656834,0.09400742549449204,1
0.09400742549449204,0.10036302977241573,1
0.10036302977241573,0.10671863405033943,1
0.10671863405033943,0.11307423832826313,1
0.11307423832826313,0.11942984260618683,1
0.11942984260618683,0.12578544688411053,1
0.12578544688411053,0.13214105116203423,1
0.13214105116203423,0.13849665543995793,1
0.13849665543995793,0.14485225971788163,1
0.14485225971788163,0.15120786399580544,1
0.15120786399580544,0.15756346827372913,1
0.15756346827372913,0.16391907255165283,1
