-0.9650765520497226,-0.9604957757191732,0
-0.9604957757191732,-0.955914999388624,0
-0.955914999388624,-0.9513342230580748,0
-0.9513342230580748,-0.9467534467275254,0
-0.2504754444840364,-0.24589466815348715,1
-0.24589466815348715,-0.2413138918229379,1
-0.2413138918229379,-0.23673311549238862,1
-0.23673311549238862,-0.23215233916183933,1
-0.23215233916183933,-0.2275715628312901,1
-0.2275715628312901,-0.2229907865007408,1
-0.2229907865007408,-0.21841001017019157,1
-0.21841001017019157,-0.21382923383964225,1
-0.21382923383964225,-0.209248457509093,1
-0.209248457509093,-0.20466768117854373,1
-0.20466768117854373,-0.20008690484799443,1
-0.20008690484799443,-0.1955061285174452,1
-0.44744882669765507,-0.4428680503671058,2
-0.4428680503671058,-0.4382872740365565,2
-0.4382872740365565,-0.4337064977060072,2
-0.4337064977060072,-0.429125721375458,2
-0.429125721375458,-0.42454494504490864,2
-0.42454494504490864,-0.4199641687143594,2
-0.4199641687143594,-0.41538339238381017,2
-0.41538339238381017,-0.4108026160532609,2
-0.4108026160532609,-0.40622183972271164,2
-0.030598180617671472,-0.02601740428712221,3
-0.02601740428712221,-0.021436627956572918,3
-0.021436627956572918,-0.016855851626023655,3
-0.016855851626023655,-0.012275075295474364,3
-0.1267944835592061,-0.12221370722865688,4
-0.12221370722865688,-0.11763293089810758,4
