-0.14295156965032224,-0.13786733915098012,0
-0.13786733915098012,-0.13278310865163806,0
-0.13278310865163806,-0.12769887815229594,0
-0.12769887815229594,-0.12261464765295388,0
0.11634418581612405,0.12142841631546614,1
0.12142841631546614,0.1265126468148082,1
0.1265126468148082,0.13159687731415032,1
0.13159687731415032,0.13668110781349238,1
0.13668110781349238,0.1417653383128345,1
-0.010761576667428052,-0.005677346168085962,2
-0.005677346168085962,-0.000593115668743871,2
0.37055571078322824,0.3756399412825704,3
0.3756399412825704,0.3807241717819124,3
0.3807241717819124,0.38580840228125446,3
0.38580840228125446,0.3908926327805966,3
0.3908926327805966,0.3959768632799387,3
0.3959768632799387,0.4010610937792807,3
0.4010610937792807,0.4061453242786228,3
0.4061453242786228,0.41122955477796497,3
0.41122955477796497,0.41631378527730706,3
0.41631378527730706,0.42139801577664904,3
0.42139801577664904,0.4264822462759912,3
0.4264822462759912,0.4315664767753333,3
0.4315664767753333,0.43665070727467536,3
0.43665070727467536,0.4417349377740174,3
0.4417349377740174,0.44681916827335955,3
0.44681916827335955,0.45190339877270164,3
0.45190339877270164,0.4569876292720436,3
0.9349052962101996,0.9399895267095417,4
0.9399895267095417,0.9450737572088836,4
0.9450737572088836,0.9501579877082258,4
0.9501579877082258,0.9552422182075679,4
0.9552422182075679,0.9603264487069101,4
0.9603264487069101,0.965410679206252,4
0.965410679206252,0.9704949097055942,4
0.8637260692194104,0.8688102997187526,5
0.8688102997187526,0.8738945302180945,5
0.8738945302180945,0.8789787607174366,5
0.8789787607174366,0.8840629912167788,5
0.8840629912167788,0.8891472217161207,5
0.8891472217161207,0.8942314522154629,5
0.8942314522154629,0.899315682714805,5
0.899315682714805,0.9043999132141471,5
0.9043999132141471,0.9094841437134891,5
0.9094841437134891,0.9145683742128312,5
0.9145683742128312,0.9196526047121734,5
0.5535880087595433,0.5586722392588854,6
0.5586722392588854,0.5637564697582274,6
0.5637564697582274,0.5688407002575695,6
0.5688407002575695,0.5739249307569116,6
0.5739249307569116,0.5790091612562538,6
0.5790091612562538,0.5840933917555957,6
0.5840933917555957,0.5891776222549379,6
0.5891776222549379,0.59426185275428,6
0.59426185275428,0.5993460832536219,6
0.5993460832536219,0.6044303137529641,6
0.6044303137529641,0.6095145442523062,6
0.6095145442523062,0.6145987747516484,6
0.6145987747516484,0.6196830052509903,6
0.6196830052509903,0.6247672357503324,6
