-0.15870532840490348,-0.15336152315139773,0
-0.15336152315139773,-0.148017717897892,0
-0.148017717897892,-0.14267391264438634,0
-0.14267391264438634,-0.1373301073908806,0
0.9795251905918121,0.9848689958453178,1
0.9848689958453178,0.9902128010988234,1
0.9902128010988234,0.9955566063523291,1
0.19398581832647316,0.1993296235799789,2
0.1993296235799789,0.20467342883348463,2
0.20467342883348463,0.2100172340869903,2
0.2100172340869903,0.21536103934049602,2
0.21536103934049602,0.2207048445940017,2
0.2207048445940017,0.22604864984750744,2
