-0.28159288965165613,-0.2777812639484182,0
-0.2777812639484182,-0.2739696382451802,0
-0.2739696382451802,-0.27015801254194227,0
-0.27015801254194227,-0.2663463868387043,0
-0.2663463868387043,-0.26253476113546637,0
-0.26253476113546637,-0.2587231354322284,0
-0.2587231354322284,-0.25491150972899046,0
-0.25491150972899046,-0.25109988402575256,0
-0.25109988402575256,-0.24728825832251455,0
-0.24728825832251455,-0.24347663261927663,0
-0.24347663261927663,-0.23966500691603865,0
-0.23966500691603865,-0.23585338121280072,0
-0.23585338121280072,-0.23204175550956274,0
-0.23204175550956274,-0.22823012980632482,0
-0.22823012980632482,-0.22441850410308684,0
-0.22441850410308684,-0.2206068783998489,0
-0.2206068783998489,-0.21679525269661098,0
-0.21679525269661098,-0.212983626993373,0
-0.212983626993373,-0.20917200129013508,0
-0.20917200129013508,-0.2053603755868971,0
-0.2053603755868971,-0.20154874988365917,0
-0.20154874988365917,-0.1977371241804212,0
-0.1977371241804212,-0.19392549847718327,0
-0.19392549847718327,-0.19011387277394529,0
-0.19011387277394529,-0.18630224707070736,0
-0.18630224707070736,-0.18249062136746938,0
-0.18249062136746938,-0.17867899566423145,0
-0.17867899566423145,-0.17486736996099347,0
-0.17486736996099347,-0.17105574425775558,0
-0.17105574425775558,-0.1672441185545176,0
-0.1672441185545176,-0.16343249285127967,0
-0.16343249285127967,-0.1596208671480417,0
-0.1596208671480417,-0.15580924144480376,0
-0.15580924144480376,-0.15199761574156578,0
-0.3197091466840356,-0.3158975209807977,1
-0.3158975209807977,-0.3120858952775597,1
-0.3120858952775597,-0.3082742695743218,1
-0.3082742695743218,-0.3044626438710838,1
-0.3044626438710838,-0.3006510181678459,1
0.01952554090414199,0.023337166607379917,2
0.023337166607379917,0.02714879231061787,2
0.02714879231061787,0.030960418013855823,2
0.030960418013855823,0.034772043717093776,2
-0.08338835308328268,-0.0795767273800447,3
-0.0795767273800447,-0.07576510167680678,3
