-1.0079400963615626,-1.0024953260086475,0
-1.0024953260086475,-0.9970505556557329,0
-0.9970505556557329,-0.991605785302818,0
0.12457213704474271,0.13001690739765762,1
0.13001690739765762,0.13546167775057255,1
0.13546167775057255,0.14090644810348746,1
0.14090644810348746,0.1463512184564024,1
-0.0387709735427052,-0.03332620318979024,2
-0.03332620318979024,-0.02788143283687533,2
-0.02788143283687533,-0.022436662483960423,2
-0.022436662483960423,-0.016991892131045516,2
-0.016991892131045516,-0.011547121778130554,2
-0.011547121778130554,-0.006102351425215591,2
-0.006102351425215591,-0.0006575810723006836,2
-0.0006575810723006836,0.0047871892806142236,2
-0.5070212238933891,-0.5015764535404742,3
-0.5015764535404742,-0.4961316831875593,3
-0.4961316831875593,-0.49068691283464433,3
-0.49068691283464433,-0.4852421424817295,3
-0.4852421424817295,-0.47979737212881446,3
-0.47979737212881446,-0.47435260177589955,3
-0.47435260177589955,-0.46890783142298464,3
-0.46890783142298464,-0.4634630610700697,3
-0.4634630610700697,-0.45801829071715483,3
-0.45801829071715483,-0.4525735203642398,3
-0.4525735203642398,-0.4471287500113249,3
-0.4471287500113249,-0.44168397965841,3
-0.44168397965841,-0.43623920930549503,3
-0.43623920930549503,-0.4307944389525802,3
-0.4307944389525802,-0.42534966859966516,3
-0.42534966859966516,-0.41990489824675026,3
