-1.0025515460968017,-0.9974612716725095,0
-0.9974612716725095,-0.9923709972482175,0
-0.9923709972482175,-0.9872807228239253,0
-0.111753521845676,-0.10666324742138389,1
-0.10666324742138389,-0.1015729729970917,1
-0.1015729729970917,-0.09648269857279956,1
-0.09648269857279956,-0.09139242414850743,1
-0.09139242414850743,-0.08630214972421527,1
-0.08630214972421527,-0.08121187529992313,1
-0.08121187529992313,-0.076121600875631,1
-0.076121600875631,-0.0710313264513388,1
-0.0710313264513388,-0.0659410520270467,1
-0.0659410520270467,-0.06085077760275456,1
-0.2899131266959012,-0.284822852271609,2
-0.284822852271609,-0.27973257784731687,2
-0.27973257784731687,-0.27464230342302476,2
-0.27464230342302476,-0.26955202899873254,2
-0.26955202899873254,-0.26446175457444043,2
0.1173088272474706,0.12239910167176274,3
0.12239910167176274,0.12748937609605493,3
0.12748937609605493,0.13257965052034704,3
0.13257965052034704,0.13766992494463917,3
0.13766992494463917,0.14276019936893136,3
0.015503338761627683,0.02059361318591979,4
0.02059361318591979,0.025683887610211953,4
0.025683887610211953,0.030774162034504116,4
0.030774162034504116,0.03586443645879628,4
