-0.02592717221006749,-0.021114938007667644,0
-0.021114938007667644,-0.0163027038052678,0
-0.0163027038052678,-0.011490469602867925,0
-0.011490469602867925,-0.00667823540046808,0
-0.00667823540046808,-0.0018660011980682345,0
0.17618666429072624,0.1809988984931261,1
0.1809988984931261,0.18581113269552593,1
0.18581113269552593,0.19062336689792578,1
0.19062336689792578,0.19543560110032562,1
0.19543560110032562,0.20024783530272547,1
0.20024783530272547,0.20506006950512531,1
0.0991909170523286,0.10400315125472845,2
0.10400315125472845,0.1088153854571283,2
0.9942664786987008,0.9990787129011005,3
0.9990787129011005,1.0038909471035005,3
0.3061169877555222,0.31092922195792205,4
0.31092922195792205,0.3157414561603219,4
0.3157414561603219,0.32055369036272174,4
0.32055369036272174,0.3253659245651216,4
0.3253659245651216,0.33017815876752143,4
0.33017815876752143,0.3349903929699213,4
0.3349903929699213,0.3398026271723211,4
0.3398026271723211,0.344614861374721,4
0.344614861374721,0.34942709557712087,4
