-0.8563033321220428,-0.8509122683294117,0
-0.8509122683294117,-0.8455212045367808,0
-0.8455212045367808,-0.8401301407441497,0
-0.8401301407441497,-0.8347390769515186,0
-0.8347390769515186,-0.8293480131588875,0
-0.8293480131588875,-0.8239569493662566,0
-0.8239569493662566,-0.8185658855736255,0
0.09252389538101846,0.09791495917364956,1
0.09791495917364956,0.10330602296628055,1
0.10330602296628055,0.10869708675891163,1
0.10869708675891163,0.11408815055154264,1
0.11408815055154264,0.11947921434417366,1
0.11947921434417366,0.12487027813680471,1
0.12487027813680471,0.13026134192943573,1
0.13026134192943573,0.13565240572206674,1
0.13565240572206674,0.1410434695146978,1
0.1410434695146978,0.1464345333073288,1
-0.705353545928374,-0.6999624821357429,2
-0.6999624821357429,-0.6945714183431118,2
-0.6945714183431118,-0.6891803545504809,2
-0.6891803545504809,-0.6837892907578498,2
-0.6837892907578498,-0.6783982269652187,2
-0.6783982269652187,-0.6730071631725878,2
