-0.08322780904127285,-0.078569014579989,0
-0.078569014579989,-0.07391022011870517,0
-0.07391022011870517,-0.06925142565742132,0
-0.06925142565742132,-0.0645926311961375,0
-0.0645926311961375,-0.05993383673485368,0
0.21027624201960865,0.21493503648089246,1
0.21493503648089246,0.21959383094217627,1
0.21959383094217627,0.22425262540346014,1
0.22425262540346014,0.22891141986474398,1
0.22891141986474398,0.23357021432602781,1
0.23357021432602781,0.23822900878731162,1
0.23822900878731162,0.24288780324859544,1
0.24288780324859544,0.2475465977098793,1
0.2475465977098793,0.2522053921711631,1
0.10778276387136432,0.11244155833264816,2
0.11244155833264816,0.117100352793932,2
0.117100352793932,0.1217591472552158,2
0.1217591472552158,0.12641794171649962,2
0.9929537115152927,0.9976125059765764,3
0.9976125059765764,1.00227130043786,3
1.00227130043786,1.006930094899144,3
0.3314048980129883,0.33606369247427215,4
0.33606369247427215,0.34072248693555596,4
0.34072248693555596,0.34538128139683977,4
0.34538128139683977,0.35004007585812363,4
0.35004007585812363,0.35469887031940744,4
0.35469887031940744,0.3593576647806913,4
0.3593576647806913,0.3640164592419751,4
