-0.388666832447052,-0.3831886449130252,0
-0.3831886449130252,-0.37771045737899844,0
-0.37771045737899844,-0.3722322698449716,0
-0.3722322698449716,-0.36675408231094486,0
-0.36675408231094486,-0.361275894776918,0
-0.361275894776918,-0.35579770724289117,0
-0.35579770724289117,-0.35031951970886444,0
0.8329689876409248,0.8384471751749514,1
0.8384471751749514,0.8439253627089782,1
0.8439253627089782,0.8494035502430051,1
0.8494035502430051,0.8548817377770319,1
0.8548817377770319,0.8603599253110588,1
0.8603599253110588,0.8658381128450854,1
0.8658381128450854,0.8713163003791122,1
0.36732304724864656,0.37280123478267335,2
0.37280123478267335,0.3782794223167002,2
0.3782794223167002,0.38375760985072693,2
0.38375760985072693,0.3892357973847538,2
0.3892357973847538,0.39471398491878057,2
0.39471398491878057,0.40019217245280736,2
0.40019217245280736,0.4056703599868342,2
0.4056703599868342,0.41114854752086094,2
0.41114854752086094,0.4166267350548878,2
0.4166267350548878,0.4221049225889146,2
0.4221049225889146,0.42758311012294137,2
