-0.8840089647565037,-0.8784563181921838,0
-0.8784563181921838,-0.8729036716278642,0
-0.8729036716278642,-0.8673510250635446,0
-0.8673510250635446,-0.8617983784992247,0
-0.8617983784992247,-0.856245731934905,0
-0.856245731934905,-0.8506930853705852,0
-0.8506930853705852,-0.8451404388062655,0
0.2875994603149593,0.29315210687927895,1
0.29315210687927895,0.2987047534435987,1
0.2987047534435987,0.30425740000791845,1
0.30425740000791845,0.3098100465722382,1
0.3098100465722382,0.31536269313655796,1
0.19320446872152386,0.1987571152858436,2
0.1987571152858436,0.20430976185016334,2
0.20430976185016334,0.20986240841448303,2
0.20986240841448303,0.21541505497880276,2
0.21541505497880276,0.2209677015431225,2
0.2209677015431225,0.22652034810744226,2
0.22652034810744226,0.23207299467176198,2
-0.034454040415585085,-0.028901393851265333,3
-0.028901393851265333,-0.02334874728694558,3
-0.02334874728694558,-0.01779610072262583,3
-0.01779610072262583,-0.012243454158306077,3
-0.012243454158306077,-0.006690807593986436,3
-0.006690807593986436,-0.0011381610296666844,3
-0.0011381610296666844,0.004414485534653068,3
0.004414485534653068,0.00996713209897282,3
0.00996713209897282,0.01551977866329246,3
0.01551977866329246,0.021072425227612213,3
0.021072425227612213,0.026625071791931965,3
0.026625071791931965,0.03217771835625172,3
0.03217771835625172,0.03773036492057147,3
