-0.028310468115378157,-0.02373350001405923,0
-0.02373350001405923,-0.019156531912740304,0
-0.019156531912740304,-0.014579563811421364,0
-0.014579563811421364,-0.010002595710102452,0
-0.010002595710102452,-0.00542562760878354,0
-0.00542562760878354,-0.0008486595074645997,0
-0.0008486595074645997,0.0037283085938543403,0
0.0037283085938543403,0.008305276695173253,0
0.008305276695173253,0.012882244796492193,0
0.012882244796492193,0.017459212897811105,0
0.017459212897811105,0.022036180999130045,0
0.9923534184787424,0.9969303865800612,1
0.9969303865800612,1.00150735468138,1
1.00150735468138,1.0060843227826992,1
0.15019128783605992,0.15476825593737892,2
0.15476825593737892,0.15934522403869783,2
0.15934522403869783,0.16392219214001674,2
0.16392219214001674,0.16849916024133565,2
0.16849916024133565,0.17307612834265457,2
0.17307612834265457,0.17765309644397348,2
0.17765309644397348,0.18223006454529242,2
0.18223006454529242,0.1868070326466114,2
0.1868070326466114,0.19138400074793033,2
0.19138400074793033,0.19596096884924924,2
0.19596096884924924,0.20053793695056815,2
0.20053793695056815,0.20511490505188706,2
0.20511490505188706,0.20969187315320598,2
0.20969187315320598,0.2142688412545249,2
0.2142688412545249,0.21884580935584383,2
0.21884580935584383,0.22342277745716274,2
0.22342277745716274,0.22799974555848174,2
0.22799974555848174,0.23257671365980065,2
0.23257671365980065,0.23715368176111956,2
0.23715368176111956,0.24173064986243847,2
0.24173064986243847,0.24630761796375739,2
0.24630761796375739,0.2508845860650763,2
0.2508845860650763,0.2554615541663952,2
0.2554615541663952,0.2600385222677142,2
0.2600385222677142,0.2646154903690331,2
0.2646154903690331,0.26919245847035206,2
0.26919245847035206,0.27376942657167097,2
0.27376942657167097,0.2783463946729899,2
0.2783463946729899,0.2829233627743088,2
0.2829233627743088,0.2875003308756277,2
0.2875003308756277,0.2920772989769466,2
0.2920772989769466,0.2966542670782656,2
0.2966542670782656,0.3012312351795845,2
0.3012312351795845,0.30580820328090347,2
0.30580820328090347,0.3103851713822224,2
0.3103851713822224,0.3149621394835413,2
0.3149621394835413,0.3195391075848602,2
0.3195391075848602,0.3241160756861791,2
0.3241160756861791,0.32869304378749803,2
0.32869304378749803,0.333270011888817,2
0.333270011888817,0.3378469799901359,2
0.3378469799901359,0.3424239480914548,2
0.3424239480914548,0.3470009161927738,2
0.3470009161927738,0.3515778842940927,2
0.3515778842940927,0.3561548523954116,2
0.3561548523954116,0.3607318204967305,2
0.3607318204967305,0.36530878859804944,2
0.36530878859804944,0.36988575669936835,2
0.36988575669936835,0.3744627248006873,2
0.3744627248006873,0.37903969290200623,2
0.37903969290200623,0.3836166610033252,2
0.3836166610033252,0.3881936291046441,2
0.3881936291046441,0.392770597205963,2
0.392770597205963,0.39734756530728194,2
0.39734756530728194,0.40192453340860085,2
0.40192453340860085,0.4065015015099198,2
0.4065015015099198,0.41107846961123873,2
0.41107846961123873,0.41565543771255764,2
0.41565543771255764,0.42023240581387655,2
0.42023240581387655,0.4248093739151955,2
0.4248093739151955,0.4293863420165145,2
0.4293863420165145,0.43396331011783335,2
0.43396331011783335,0.4385402782191523,2
0.4385402782191523,0.44311724632047117,2
0.44311724632047117,0.44769421442179014,2
0.44769421442179014,0.45227118252310905,2
0.45227118252310905,0.45684815062442796,2
0.45684815062442796,0.4614251187257469,2
0.4614251187257469,0.46600208682706584,2
0.46600208682706584,0.4705790549283848,2
0.4705790549283848,0.47515602302970367,2
0.47515602302970367,0.47973299113102263,2
0.47973299113102263,0.4843099592323415,2
0.4843099592323415,0.48888692733366046,2
0.48888692733366046,0.49346389543497937,2
0.49346389543497937,0.49804086353629834,2
