-0.9055157172679901,-0.8996935799065976,0
-0.8996935799065976,-0.8938714425452053,0
-0.8938714425452053,-0.8880493051838129,0
-0.8880493051838129,-0.8822271678224206,0
0.09006977153010665,0.09589190889149901,1
0.09589190889149901,0.10171404625289138,1
0.10171404625289138,0.10753618361428374,1
0.10753618361428374,0.11335832097567622,1
0.11335832097567622,0.11918045833706858,1
0.11918045833706858,0.12500259569846095,1
-0.0962386240344495,-0.09041648667305713,2
-0.09041648667305713,-0.08459434931166465,2
-0.08459434931166465,-0.07877221195027229,2
-0.07877221195027229,-0.07295007458887992,2
-0.07295007458887992,-0.06712793722748756,2
-0.06712793722748756,-0.06130579986609519,2
-0.06130579986609519,-0.055483662504702824,2
-0.055483662504702824,-0.04966152514331046,2
-0.04966152514331046,-0.04383938778191809,2
-0.04383938778191809,-0.03801725042052573,2
-0.03801725042052573,-0.03219511305913325,2
-0.03219511305913325,-0.026372975697740886,2
-0.026372975697740886,-0.02055083833634852,2
-0.02055083833634852,-0.014728700974956155,2
-0.014728700974956155,-0.00890656361356379,2
-0.00890656361356379,-0.003084426252171424,2
-0.003084426252171424,0.0027377111092209416,2
0.0027377111092209416,0.008559848470613307,2
0.008559848470613307,0.014381985832005784,2
0.014381985832005784,0.02020412319339815,2
0.4102873264066874,0.4161094637680799,3
0.4161094637680799,0.4219316011294722,3
0.4219316011294722,0.4277537384908646,3
0.4277537384908646,0.43357587585225693,3
0.43357587585225693,0.43939801321364935,3
0.43939801321364935,0.4452201505750418,3
0.12500259569846095,0.13082473305985332,4
0.13082473305985332,0.13664687042124568,4
0.13664687042124568,0.14246900778263805,4
0.14246900778263805,0.1482911451440304,4
0.1482911451440304,0.15411328250542278,4
