0.2607338330708444,0.2662431933078915,0
0.2662431933078915,0.27175255354493855,0
0.27175255354493855,0.2772619137819856,0
0.2772619137819856,0.2827712740190327,0
0.2827712740190327,0.28828063425607975,0
0.28828063425607975,0.2937899944931268,0
0.2937899944931268,0.2992993547301739,0
0.2992993547301739,0.30480871496722095,0
0.30480871496722095,0.310318075204268,0
0.310318075204268,0.3158274354413151,0
0.3158274354413151,0.3213367956783622,0
0.3213367956783622,0.3268461559154093,0
0.3268461559154093,0.33235551615245634,0
0.33235551615245634,0.3378648763895035,0
0.3378648763895035,0.3433742366265506,0
0.3433742366265506,0.34888359686359766,0
