-0.030177683336660266,-0.025014829239808023,0
-0.025014829239808023,-0.01985197514295578,0
-0.01985197514295578,-0.014689121046103537,0
-1.000794253544882,-0.9956313994480297,1
-0.9956313994480297,-0.9904685453511775,1
-0.9904685453511775,-0.9853056912543252,1
-0.9853056912543252,-0.980142837157473,1
-0.980142837157473,-0.9749799830606207,1
-0.9749799830606207,-0.9698171289637685,1
0.145359355956316,0.15052221005316824,2
0.15052221005316824,0.15568506415002048,2
0.15568506415002048,0.16084791824687272,2
0.16084791824687272,0.16601077234372497,2
0.01628800353500992,0.021450857631862164,3
0.021450857631862164,0.026613711728714406,3
