-0.20320631951093673,-0.1976312909647822,0
-0.1976312909647822,-0.19205626241862775,0
-0.19205626241862775,-0.18648123387247323,0
-0.18648123387247323,-0.18090620532631868,0
-0.18090620532631868,-0.17533117678016422,0
-0.17533117678016422,-0.1697561482340097,0
-0.1697561482340097,-0.16418111968785523,0
-0.16418111968785523,-0.1586060911417007,0
-0.1586060911417007,-0.15303106259554625,0
-0.15303106259554625,-0.14745603404939173,0
-0.14745603404939173,-0.14188100550323726,0
-0.14188100550323726,-0.13630597695708274,0
-0.13630597695708274,-0.1307309484109282,0
-0.1307309484109282,-0.12515591986477373,0
-0.12515591986477373,-0.11958089131861921,0
-0.11958089131861921,-0.11400586277246474,0
