-0.17269090129062536,-0.1666470985487103,0
-0.1666470985487103,-0.16060329580679533,0
-0.16060329580679533,-0.15455949306488037,0
-0.15455949306488037,-0.1485156903229654,0
-0.1485156903229654,-0.14247188758105045,0
-0.14247188758105045,-0.13642808483913538,0
-0.13642808483913538,-0.13038428209722042,0
-0.13038428209722042,-0.12434047935530546,0
-0.12434047935530546,-0.1182966766133905,0
-0.1182966766133905,-0.11225287387147542,0
-0.3842239972576499,-0.3781801945157349,1
-0.3781801945157349,-0.37213639177381996,1
-0.37213639177381996,-0.366092589031905,1
-0.366092589031905,-0.36004878628999,1
-0.36004878628999,-0.3540049835480749,1
-0.3540049835480749,-0.34796118080615995,1
-0.34796118080615995,-0.34191737806424494,1
-0.34191737806424494,-0.33587357532233,1
-0.33587357532233,-0.329829772580415,1
0.22620007967576386,0.23224388241767882,2
0.23224388241767882,0.23828768515959384,2
0.23828768515959384,0.24433148790150883,2
0.24433148790150883,0.2503752906434238,2
0.2503752906434238,0.25641909338533875,2
0.014666983708739312,0.020710786450654273,3
0.020710786450654273,0.026754589192569234,3
0.026754589192569234,0.032798391934484306,3
0.032798391934484306,0.038842194676399266,3
