-1.0090069439820946,-1.0028684693202377,0
-1.0028684693202377,-0.9967299946583807,0
-0.9967299946583807,-0.9905915199965238,0
0.14502629244700072,0.15116476710885762,1
0.15116476710885762,0.15730324177071453,1
0.15730324177071453,0.16344171643257144,1
0.16344171643257144,0.16958019109442835,1
0.16958019109442835,0.17571866575628522,1
0.003841375224292287,0.009979849886149195,2
0.009979849886149195,0.016118324548006102,2
0.016118324548006102,0.02225679920986301,2
0.02225679920986301,0.028395273871719806,2
0.028395273871719806,0.034533748533576714,2
0.034533748533576714,0.04067222319543362,2
0.04067222319543362,0.04681069785729053,2
0.04681069785729053,0.052949172519147436,2
0.052949172519147436,0.059087647181004344,2
-0.7389140588603915,-0.7327755841985346,3
-0.7327755841985346,-0.7266371095366777,3
-0.7266371095366777,-0.7204986348748208,3
-0.7204986348748208,-0.7143601602129639,3
-0.7143601602129639,-0.708221685551107,3
-0.708221685551107,-0.7020832108892501,3
-0.7020832108892501,-0.6959447362273932,3
-0.6959447362273932,-0.6898062615655363,3
-0.6898062615655363,-0.6836677869036794,3
-0.6836677869036794,-0.6775293122418224,3
-0.6775293122418224,-0.6713908375799655,3
-0.6713908375799655,-0.6652523629181086,3
-0.6652523629181086,-0.659113888256252,3
-0.659113888256252,-0.652975413594395,3
-0.652975413594395,-0.6468369389325381,3
-0.6468369389325381,-0.6406984642706812,3
-0.6406984642706812,-0.6345599896088243,3
