-0.9983404802531004,-0.9917624043300748,0
-0.9917624043300748,-0.9851843284070492,0
-0.9851843284070492,-0.9786062524840236,0
-0.29448635648936033,-0.2879082805663347,1
-0.2879082805663347,-0.2813302046433091,1
-0.2813302046433091,-0.2747521287202835,1
-0.2747521287202835,-0.26817405279725787,1
-0.26817405279725787,-0.26159597687423225,1
-0.26159597687423225,-0.25501790095120663,1
-0.25501790095120663,-0.24843982502818113,1
-0.24843982502818113,-0.2418617491051555,1
-0.2418617491051555,-0.2352836731821299,1
-0.2352836731821299,-0.22870559725910428,1
-0.22870559725910428,-0.22212752133607866,1
-0.22212752133607866,-0.21554944541305304,1
-0.21554944541305304,-0.20897136949002748,1
-0.20897136949002748,-0.20239329356700186,1
-0.20239329356700186,-0.19581521764397625,1
-0.19581521764397625,-0.18923714172095063,1
-0.18923714172095063,-0.182659065797925,1
-0.182659065797925,-0.1760809898748994,1
-0.1760809898748994,-0.16950291395187378,1
-0.16950291395187378,-0.16292483802884816,1
-0.16292483802884816,-0.15634676210582255,1
-0.15634676210582255,-0.14976868618279693,1
-0.14976868618279693,-0.1431906102597713,1
-0.1431906102597713,-0.1366125343367457,1
-0.1366125343367457,-0.13003445841372008,1
-0.13003445841372008,-0.12345638249069457,1
0.027839363738894507,0.034417439661920124,2
0.034417439661920124,0.04099551558494574,2
0.04099551558494574,0.04757359150797125,2
0.04757359150797125,0.054151667430996864,2
0.054151667430996864,0.06072974335402248,2
-0.0971440787985921,-0.09056600287556649,3
-0.09056600287556649,-0.08398792695254087,3
-0.08398792695254087,-0.07740985102951525,3
