-0.6666175484657287,-0.6600428659934551,0
-0.6600428659934551,-0.6534681835211814,0
-0.6534681835211814,-0.6468935010489075,0
-0.6468935010489075,-0.6403188185766339,0
-0.6403188185766339,-0.6337441361043602,0
0.8258353727404029,0.8324100552126765,1
0.8324100552126765,0.8389847376849504,1
0.8389847376849504,0.8455594201572241,1
0.8455594201572241,0.8521341026294977,1
0.8521341026294977,0.8587087851017714,1
0.5036759315989912,0.5102506140712649,2
0.5102506140712649,0.5168252965435387,2
0.5168252965435387,0.5233999790158124,2
0.5233999790158124,0.529974661488086,2
0.529974661488086,0.5365493439603597,2
0.5365493439603597,0.5431240264326335,2
0.5431240264326335,0.5496987089049072,2
0.5496987089049072,0.5562733913771809,2
0.5562733913771809,0.5628480738494546,2
0.5628480738494546,0.5694227563217282,2
0.5694227563217282,0.575997438794002,2
0.575997438794002,0.5825721212662758,2
0.5825721212662758,0.5891468037385494,2
0.20124053787440072,0.20781522034667438,3
0.20781522034667438,0.21438990281894804,3
0.21438990281894804,0.22096458529122176,3
0.22096458529122176,0.22753926776349553,3
0.22753926776349553,0.23411395023576925,3
0.23411395023576925,0.24068863270804292,3
0.24068863270804292,0.24726331518031658,3
0.24726331518031658,0.2538379976525903,3
0.2538379976525903,0.26041268012486407,3
0.26041268012486407,0.2669873625971378,3
0.2669873625971378,0.27356204506941145,3
