-0.9853523843502626,-0.9799621699284763,0
-0.9799621699284763,-0.97457195550669,0
-0.97457195550669,-0.9691817410849034,0
-0.9691817410849034,-0.9637915266631171,0
-0.4085994412191213,-0.4032092267973349,1
-0.4032092267973349,-0.39781901237554845,1
-0.39781901237554845,-0.39242879795376207,1
-0.39242879795376207,-0.38703858353197573,1
-0.38703858353197573,-0.3816483691101894,1
-0.3816483691101894,-0.37625815468840307,1
-0.37625815468840307,-0.3708679402666167,1
-0.3708679402666167,-0.36547772584483024,1
-0.36547772584483024,-0.36008751142304385,1
-0.36008751142304385,-0.3546972970012575,1
-0.3546972970012575,-0.3493070825794712,1
-0.3493070825794712,-0.34391686815768485,1
-0.34391686815768485,-0.33852665373589846,1
-0.33852665373589846,-0.333136439314112,1
-0.333136439314112,-0.32774622489232563,1
-0.32774622489232563,-0.3223560104705393,1
-0.3223560104705393,-0.31696579604875297,1
-0.31696579604875297,-0.31157558162696664,1
-0.31157558162696664,-0.3061853672051802,1
-0.3061853672051802,-0.30079515278339386,1
-0.30079515278339386,-0.2954049383616075,1
-0.2954049383616075,-0.2900147239398211,1
-0.2900147239398211,-0.28462450951803475,1
-0.28462450951803475,-0.2792342950962484,1
-0.2792342950962484,-0.273844080674462,1
-0.273844080674462,-0.26845386625267564,1
-0.26845386625267564,-0.2630636518308893,1
-0.04206486053764824,-0.0366746461158618,2
-0.0366746461158618,-0.031284431694075465,2
-0.031284431694075465,-0.025894217272289133,2
-0.025894217272289133,-0.02050400285050269,2
-0.19838107876945288,-0.19299086434766652,3
-0.19299086434766652,-0.18760064992588013,3
-0.18760064992588013,-0.18221043550409377,3
-0.18221043550409377,-0.1768202210823074,3
