-0.7729628515243531,-0.7659686449635775,0
-0.7659686449635775,-0.7589744384028018,0
-0.7589744384028018,-0.7519802318420262,0
-0.7519802318420262,-0.7449860252812505,0
0.8566872771363705,0.863681483697146,1
0.863681483697146,0.8706756902579218,1
0.8706756902579218,0.8776698968186973,1
0.8776698968186973,0.8846641033794731,1
0.7168031459208577,0.7237973524816335,2
0.7237973524816335,0.730791559042409,2
0.730791559042409,0.7377857656031845,2
0.7377857656031845,0.7447799721639603,2
0.7447799721639603,0.7517741787247358,2
0.7517741787247358,0.7587683852855116,2
0.7587683852855116,0.7657625918462871,2
0.7657625918462871,0.7727567984070629,2
0.7727567984070629,0.7797510049678384,2
0.28316233915276817,0.29015654571354377,3
0.29015654571354377,0.2971507522743195,3
0.2971507522743195,0.30414495883509507,3
0.30414495883509507,0.3111391653958708,3
0.3111391653958708,0.31813337195664637,3
0.31813337195664637,0.3251275785174221,3
0.3251275785174221,0.3321217850781976,3
0.3321217850781976,0.3391159916389733,3
0.3391159916389733,0.3461101981997489,3
0.3461101981997489,0.3531044047605245,3
0.3531044047605245,0.3600986113213002,3
0.3600986113213002,0.3670928178820758,3
0.3670928178820758,0.3740870244428515,3
0.3740870244428515,0.3810812310036271,3
0.3810812310036271,0.3880754375644028,3
0.3880754375644028,0.39506964412517837,3
0.39506964412517837,0.40206385068595407,3
0.40206385068595407,0.40905805724672967,3
