-0.8995891291182488,-0.8924793398939074,0
-0.8924793398939074,-0.8853695506695657,0
-0.8853695506695657,-0.8782597614452242,0
-0.8782597614452242,-0.8711499722208828,0
-0.8711499722208828,-0.8640401829965413,0
-0.8640401829965413,-0.8569303937721998,0
0.5579176618717611,0.5650274510961025,1
0.5650274510961025,0.5721372403204441,1
0.5721372403204441,0.5792470295447857,1
0.5792470295447857,0.5863568187691272,1
0.5863568187691272,0.5934666079934686,1
-0.017975265299901344,-0.010865476075559877,2
-0.010865476075559877,-0.0037556868512182984,2
-0.0037556868512182984,0.003354102373123169,2
0.003354102373123169,0.010463891597464636,2
0.010463891597464636,0.017573680821806215,2
0.017573680821806215,0.024683470046147682,2
0.024683470046147682,0.03179325927048926,2
0.03179325927048926,0.03890304849483073,2
0.03890304849483073,0.046012837719172195,2
0.046012837719172195,0.05312262694351377,2
0.05312262694351377,0.06023241616785524,2
