0.04658521350473166,0.05183838839642704,0
0.05183838839642704,0.0570915632881224,0
0.0570915632881224,0.06234473817981778,0
0.06234473817981778,0.0675979130715132,0
0.0675979130715132,0.07285108796320852,0
0.07285108796320852,0.0781042628549039,0
0.0781042628549039,0.08335743774659932,0
0.08335743774659932,0.0886106126382947,0
0.0886106126382947,0.09386378752999006,0
0.09386378752999006,0.09911696242168544,0
0.09911696242168544,0.10437013731338085,0
0.10437013731338085,0.10962331220507623,0
0.10962331220507623,0.11487648709677156,0
0.11487648709677156,0.12012966198846697,0
0.12012966198846697,0.12538283688016236,0
0.12538283688016236,0.1306360117718577,0
0.1306360117718577,0.1358891866635531,0
0.1358891866635531,0.1411423615552485,0
0.2094336351472884,0.21468681003898382,1
0.21468681003898382,0.2199399849306792,1
0.2199399849306792,0.22519315982237453,1
0.22519315982237453,0.23044633471406994,1
0.23044633471406994,0.23569950960576536,1
0.23569950960576536,0.24095268449746068,1
0.24095268449746068,0.24620585938915607,1
0.24620585938915607,0.2514590342808515,1
0.2514590342808515,0.2567122091725469,1
0.2567122091725469,0.2619653840642422,1
0.2619653840642422,0.2672185589559376,1
0.2672185589559376,0.272471733847633,1
0.272471733847633,0.2777249087393283,1
0.2777249087393283,0.2829780836310237,1
0.2829780836310237,0.28823125852271914,1
0.28823125852271914,0.29348443341441455,1
0.29348443341441455,0.29873760830610985,1
0.29873760830610985,0.30399078319780526,1
0.30399078319780526,0.30924395808950067,1
0.30924395808950067,0.3144971329811961,1
0.3144971329811961,0.3197503078728914,1
0.3197503078728914,0.3250034827645868,1
0.3250034827645868,0.3302566576562822,1
0.3302566576562822,0.3355098325479775,1
0.3355098325479775,0.3407630074396729,1
0.3407630074396729,0.3460161823313683,1
0.3460161823313683,0.35126935722306374,1
0.35126935722306374,0.35652253211475904,1
