-0.8558345401287079,-0.849021530887112,0
-0.849021530887112,-0.8422085216455161,0
-0.8422085216455161,-0.8353955124039202,0
-0.8353955124039202,-0.8285825031623243,0
0.6225884652975947,0.6294014745391905,1
0.6294014745391905,0.6362144837807864,1
0.6362144837807864,0.6430274930223822,1
0.6430274930223822,0.649840502263978,1
0.649840502263978,0.6566535115055739,1
0.2478729570098221,0.254685966251418,2
0.254685966251418,0.2614989754930138,2
0.2614989754930138,0.2683119847346097,2
0.2683119847346097,0.2751249939762056,2
0.2751249939762056,0.2819380032178015,2
0.2819380032178015,0.2887510124593973,2
0.2887510124593973,0.2955640217009932,2
0.2955640217009932,0.302377030942589,2
0.302377030942589,0.3091900401841849,2
0.3091900401841849,0.3160030494257807,2
0.3160030494257807,0.3228160586673766,2
0.3228160586673766,0.3296290679089725,2
0.3296290679089725,0.3364420771505684,2
0.3364420771505684,0.34325508639216423,2
0.34325508639216423,0.3500680956337601,2
0.3500680956337601,0.3568811048753559,2
0.3568811048753559,0.3636941141169518,2
0.3636941141169518,0.37050712335854763,2
0.37050712335854763,0.3773201326001435,2
0.3773201326001435,0.3841331418417394,2
0.3841331418417394,0.3909461510833353,2
0.3909461510833353,0.3977591603249312,2
0.3977591603249312,0.40457216956652703,2
0.06392170748673376,0.07073471672832965,3
0.07073471672832965,0.07754772596992554,3
0.07754772596992554,0.08436073521152143,3
0.08436073521152143,0.09117374445311721,3
0.09117374445311721,0.0979867536947131,3
0.0979867536947131,0.104799762936309,3
0.104799762936309,0.11161277217790488,3
0.11161277217790488,0.11842578141950066,3
0.11842578141950066,0.12523879066109656,3
