-0.8115559132630006,-0.8062954367045314,0
-0.8062954367045314,-0.801034960146062,0
-0.801034960146062,-0.7957744835875928,0
-0.7957744835875928,-0.7905140070291237,0
-0.7905140070291237,-0.7852535304706545,0
-0.7852535304706545,-0.7799930539121851,0
-0.7799930539121851,-0.7747325773537159,0
-0.7747325773537159,-0.7694721007952467,0
-0.7694721007952467,-0.7642116242367774,0
-0.7642116242367774,-0.7589511476783082,0
-0.7589511476783082,-0.753690671119839,0
-0.753690671119839,-0.7484301945613698,0
-0.7484301945613698,-0.7431697180029004,0
-0.2118615855975077,-0.20660110903903844,1
-0.20660110903903844,-0.20134063248056921,1
-0.20134063248056921,-0.19608015592209996,1
-0.19608015592209996,-0.19081967936363076,1
-0.19081967936363076,-0.1855592028051615,1
-0.1855592028051615,-0.18029872624669224,1
-0.18029872624669224,-0.17503824968822304,1
-0.17503824968822304,-0.16977777312975378,1
-0.16977777312975378,-0.16451729657128458,1
-0.6958254289766774,-0.6905649524182081,2
-0.6905649524182081,-0.6853044758597389,2
-0.6853044758597389,-0.6800439993012697,2
-0.6800439993012697,-0.6747835227428005,2
-0.6747835227428005,-0.6695230461843311,2
-0.6695230461843311,-0.6642625696258619,2
-0.6642625696258619,-0.6590020930673928,2
-0.6590020930673928,-0.6537416165089236,2
-0.6537416165089236,-0.6484811399504542,2
-0.6484811399504542,-0.643220663391985,2
-0.643220663391985,-0.6379601868335159,2
0.035380812650546434,0.04064128920901561,3
0.04064128920901561,0.04590176576748489,3
0.04590176576748489,0.05116224232595415,3
0.05116224232595415,0.05642271888442335,3
-0.14347539033740758,-0.13821491377893838,4
-0.13821491377893838,-0.13295443722046912,4
-0.13295443722046912,-0.12769396066199992,4
-0.12769396066199992,-0.12243348410353067,4
