-0.841937972046435,-0.8351599290035664,0
-0.8351599290035664,-0.8283818859606981,0
-0.8283818859606981,-0.8216038429178297,0
-0.8216038429178297,-0.8148257998749614,0
-0.8148257998749614,-0.8080477568320931,0
-0.8080477568320931,-0.8012697137892245,0
0.5882291099987924,0.5950071530416609,1
0.5950071530416609,0.6017851960845292,1
0.6017851960845292,0.6085632391273975,1
0.6085632391273975,0.6153412821702658,1
0.6153412821702658,0.6221193252131343,1
0.12054414004087444,0.12732218308374288,2
0.12732218308374288,0.1341002261266112,2
0.1341002261266112,0.1408782691694796,2
0.1408782691694796,0.14765631221234793,2
0.14765631221234793,0.15443435525521637,2
0.15443435525521637,0.16121239829808476,2
0.16121239829808476,0.1679904413409531,2
0.1679904413409531,0.17476848438382148,2
0.17476848438382148,0.1815465274266898,2
0.1815465274266898,0.18832457046955825,2
0.18832457046955825,0.19510261351242664,2
