-0.07863667233381416,-0.0729146319348365,0
-0.0729146319348365,-0.06719259153585883,0
-0.06719259153585883,-0.0614705511368811,0
-0.0614705511368811,-0.05574851073790338,0
-0.05574851073790338,-0.05002647033892571,0
-0.05002647033892571,-0.04430442993994804,0
0.16741106482222678,0.17313310522120445,1
0.17313310522120445,0.17885514562018218,1
0.17885514562018218,0.1845771860191599,1
0.1845771860191599,0.19029922641813757,1
0.19029922641813757,0.1960212668171153,1
0.1960212668171153,0.20174330721609296,1
0.20174330721609296,0.20746534761507066,1
0.20746534761507066,0.21318738801404838,1
0.21318738801404838,0.21890942841302607,1
0.21890942841302607,0.22463146881200374,1
0.22463146881200374,0.23035350921098144,1
0.23035350921098144,0.23607554960995916,1
0.23607554960995916,0.24179759000893686,1
0.24179759000893686,0.24751963040791453,1
0.24751963040791453,0.2532416708068922,1
0.2532416708068922,0.2589637112058699,1
0.2589637112058699,0.26468575160484764,1
0.26468575160484764,0.2704077920038253,1
0.2704077920038253,0.276129832402803,1
0.276129832402803,0.2818518728017807,1
0.2818518728017807,0.2875739132007584,1
0.2875739132007584,0.29329595359973615,1
0.29329595359973615,0.29901799399871387,1
0.29901799399871387,0.3047400343976916,1
0.3047400343976916,0.3104620747966692,1
0.3104620747966692,0.3161841151956469,1
0.3161841151956469,0.3219061555946246,1
0.3219061555946246,0.32762819599360227,1
0.32762819599360227,0.33335023639258,1
0.9856628418760376,0.9913848822750151,2
0.9913848822750151,0.9971069226739929,2
0.9971069226739929,1.0028289630729705,2
1.0028289630729705,1.0085510034719485,2
0.6595065391343087,0.6652285795332864,3
0.6652285795332864,0.6709506199322641,3
0.6709506199322641,0.6766726603312418,3
0.6766726603312418,0.6823947007302196,3
0.6823947007302196,0.6881167411291973,3
0.6881167411291973,0.693838781528175,3
0.693838781528175,0.6995608219271525,3
0.6995608219271525,0.7052828623261302,3
0.7052828623261302,0.711004902725108,3
