-0.9631697857379913,-0.9566484440956264,0
-0.9566484440956264,-0.9501271024532616,0
-0.9501271024532616,-0.9436057608108968,0
-0.9436057608108968,-0.9370844191685319,0
-0.9370844191685319,-0.9305630775261671,0
0.275885126311332,0.28240646795369684,1
0.28240646795369684,0.2889278095960617,1
0.2889278095960617,0.2954491512384265,1
0.2954491512384265,0.30197049288079136,1
0.30197049288079136,0.3084918345231562,1
-0.17408744701184337,-0.1675661053694784,2
-0.1675661053694784,-0.16104476372711357,2
-0.16104476372711357,-0.15452342208474878,2
-0.15452342208474878,-0.14800208044238383,2
-0.14800208044238383,-0.141480738800019,2
-0.141480738800019,-0.13495939715765415,2
-0.13495939715765415,-0.1284380555152893,2
-0.1284380555152893,-0.12191671387292446,2
-0.12191671387292446,-0.11539537223055962,2
-0.11539537223055962,-0.10887403058819478,2
-0.10887403058819478,-0.10235268894582983,2
0.4910894005093723,0.49761074215173723,3
0.49761074215173723,0.5041320837941021,3
0.5041320837941021,0.510653425436467,3
0.510653425436467,0.5171747670788318,3
0.5171747670788318,0.5236961087211967,3
0.3280558594502508,0.33457720109261574,4
0.33457720109261574,0.3410985427349806,4
0.3410985427349806,0.3476198843773455,4
0.3476198843773455,0.3541412260197103,4
