-0.43579904471524056,-0.4299735371768474,0
-0.4299735371768474,-0.4241480296384543,0
-0.4241480296384543,-0.41832252210006116,0
-0.41832252210006116,-0.412497014561668,0
-0.412497014561668,-0.4066715070232749,0
-0.4066715070232749,-0.40084599948488175,0
-0.40084599948488175,-0.3950204919464886,0
-0.3950204919464886,-0.3891949844080954,0
-0.3891949844080954,-0.38336947686970235,0
-0.38336947686970235,-0.3775439693313092,0
-0.3775439693313092,-0.371718461792916,0
-0.371718461792916,-0.36589295425452295,0
-0.36589295425452295,-0.3600674467161298,0
-0.3600674467161298,-0.3542419391777366,0
-0.3542419391777366,-0.34841643163934344,0
-0.34841643163934344,-0.3425909241009504,0
-0.3425909241009504,-0.3367654165625572,0
-0.3367654165625572,-0.33093990902416404,0
-0.33093990902416404,-0.325114401485771,0
-0.325114401485771,-0.3192888939473778,0
-0.3192888939473778,-0.31346338640898463,0
-0.31346338640898463,-0.30763787887059146,0
-0.30763787887059146,-0.3018123713321984,0
-0.19695323564112188,-0.1911277281027287,1
-0.1911277281027287,-0.18530222056433557,1
-0.18530222056433557,-0.17947671302594245,1
-0.17947671302594245,-0.1736512054875493,1
-0.1736512054875493,-0.16782569794915614,1
-0.16782569794915614,-0.162000190410763,1
-0.162000190410763,-0.15617468287236988,1
-0.15617468287236988,-0.15034917533397674,1
-0.15034917533397674,-0.1445236677955836,1
-0.1445236677955836,-0.13869816025719048,1
-0.13869816025719048,-0.13287265271879733,1
-0.13287265271879733,-0.12704714518040416,1
0.3331679503526539,0.33899345789104696,2
0.33899345789104696,0.3448189654294402,2
0.3448189654294402,0.3506444729678333,2
0.3506444729678333,0.35646998050622636,2
-0.039664532104507044,-0.033839024566113984,3
-0.033839024566113984,-0.028013517027720813,3
