-0.09227033230476078,-0.08754321424290537,0
-0.08754321424290537,-0.08281609618104993,0
-0.08281609618104993,-0.07808897811919449,0
-0.07808897811919449,-0.07336186005733905,0
-0.07336186005733905,-0.06863474199548364,0
-0.2955364089645446,-0.29080929090268914,1
-0.29080929090268914,-0.2860821728408337,1
-0.2860821728408337,-0.28135505477897826,1
-0.28135505477897826,-0.2766279367171228,1
-0.2766279367171228,-0.2719008186552674,1
-0.2719008186552674,-0.26717370059341194,1
-0.26717370059341194,-0.2624465825315565,1
0.058997445674613125,0.06372456373646856,2
0.06372456373646856,0.068451681798324,2
0.068451681798324,0.07317879986017944,2
0.07317879986017944,0.07790591792203488,2
0.07790591792203488,0.08263303598389032,2
-0.04972626974806188,-0.04499915168620644,3
-0.04499915168620644,-0.040272033624351,3
-0.040272033624351,-0.03554491556249556,3
-0.03554491556249556,-0.03081779750064012,3
