-0.057284818729385845,-0.04976160479709513,0
-0.04976160479709513,-0.042238390864804465,0
-0.042238390864804465,-0.03471517693251375,0
-0.03471517693251375,-0.02719196300022314,0
-0.02719196300022314,-0.019668749067932423,0
0.22107409676536915,0.22859731069765976,1
0.22859731069765976,0.23612052462995042,1
0.23612052462995042,0.24364373856224114,1
0.24364373856224114,0.25116695249453186,1
0.25116695249453186,0.2586901664268225,1
0.2586901664268225,0.2662133803591131,1
0.2662133803591131,0.2737365942914038,1
0.2737365942914038,0.2812598082236945,1
0.2812598082236945,0.2887830221559852,1
0.09317945991642768,0.1007026738487184,2
0.1007026738487184,0.10822588778100906,2
0.10822588778100906,0.11574910171329966,2
0.11574910171329966,0.12327231564559032,2
0.12327231564559032,0.13079552957788104,2
0.13079552957788104,0.13831874351017176,2
0.13831874351017176,0.14584195744246242,2
0.9658722760621457,0.9733954899944364,3
0.9733954899944364,0.9809187039267271,3
0.9809187039267271,0.9884419178590177,3
0.9884419178590177,0.9959651317913085,3
0.8906401367392389,0.8981633506715296,4
0.8981633506715296,0.9056865646038204,4
0.9056865646038204,0.9132097785361111,4
0.9132097785361111,0.9207329924684018,4
0.9207329924684018,0.9282562064006923,4
0.9282562064006923,0.935779420332983,4
0.431724086869508,0.4392473008017987,5
0.4392473008017987,0.44677051473408924,5
0.44677051473408924,0.45429372866637996,5
0.45429372866637996,0.4618169425986706,5
0.4618169425986706,0.46934015653096134,5
0.46934015653096134,0.47686337046325206,5
0.47686337046325206,0.4843865843955426,5
0.4843865843955426,0.4919097983278333,5
0.4919097983278333,0.49943301226012404,5
0.49943301226012404,0.5069562261924148,5
0.5069562261924148,0.5144794401247054,5
0.5144794401247054,0.522002654056996,5
0.522002654056996,0.5295258679892867,5
0.5295258679892867,0.5370490819215774,5
0.5370490819215774,0.5445722958538681,5
0.5445722958538681,0.5520955097861587,5
0.5520955097861587,0.5596187237184493,5
0.5596187237184493,0.5671419376507401,5
0.5671419376507401,0.5746651515830308,5
0.5746651515830308,0.5821883655153215,5
0.5821883655153215,0.5897115794476121,5
0.5897115794476121,0.5972347933799027,5
