-0.06188828357029709,-0.05725051973946395,0
-0.05725051973946395,-0.05261275590863081,0
-0.05261275590863081,-0.047974992077797665,0
-0.047974992077797665,-0.043337228246964524,0
-0.043337228246964524,-0.038699464416131396,0
0.13289779732469467,0.1375355611555278,1
0.1375355611555278,0.14217332498636095,1
0.14217332498636095,0.1468110888171941,1
0.1468110888171941,0.1514488526480272,1
0.1514488526480272,0.15608661647886035,1
0.035504756877198784,0.040142520708031926,2
0.040142520708031926,0.04478028453886507,2
0.04478028453886507,0.04941804836969818,2
0.04941804836969818,0.05405581220053132,2
0.9908841060288249,0.9955218698596582,3
0.9955218698596582,1.0001596336904914,3
1.0001596336904914,1.0047973975213245,3
0.4668167931446805,0.47145455697551364,4
0.47145455697551364,0.4760923208063468,4
0.4760923208063468,0.4807300846371799,4
0.4807300846371799,0.48536784846801306,4
0.48536784846801306,0.4900056122988462,4
0.4900056122988462,0.4946433761296793,4
0.4946433761296793,0.4992811399605125,4
0.4992811399605125,0.5039189037913456,4
0.5039189037913456,0.5085566676221788,4
0.5085566676221788,0.5131944314530119,4
0.5131944314530119,0.5178321952838449,4
0.5178321952838449,0.5224699591146782,4
0.5224699591146782,0.5271077229455112,4
0.5271077229455112,0.5317454867763445,4
0.5317454867763445,0.5363832506071775,4
0.5363832506071775,0.5410210144380108,4
0.5410210144380108,0.5456587782688438,4
0.5456587782688438,0.5502965420996769,4
0.5502965420996769,0.5549343059305101,4
0.5549343059305101,0.5595720697613432,4
0.5595720697613432,0.5642098335921764,4
0.5642098335921764,0.5688475974230095,4
0.5688475974230095,0.5734853612538426,4
0.5734853612538426,0.5781231250846758,4
0.5781231250846758,0.5827608889155089,4
0.5827608889155089,0.5873986527463421,4
0.5873986527463421,0.5920364165771752,4
0.5920364165771752,0.5966741804080083,4
0.5966741804080083,0.6013119442388415,4
0.6013119442388415,0.6059497080696746,4
0.6059497080696746,0.6105874719005078,4
0.6105874719005078,0.6152252357313408,4
0.6152252357313408,0.619862999562174,4
0.619862999562174,0.6245007633930071,4
0.6245007633930071,0.6291385272238403,4
0.6291385272238403,0.6337762910546734,4
