-0.8369051106274128,-0.8305067726597191,0
-0.8305067726597191,-0.8241084346920251,0
-0.8241084346920251,-0.8177100967243314,0
-0.8177100967243314,-0.8113117587566376,0
-0.8113117587566376,-0.8049134207889437,0
-0.8049134207889437,-0.7985150828212499,0
-0.7537267170473934,-0.7473283790796996,1
-0.7473283790796996,-0.7409300411120057,1
-0.7409300411120057,-0.7345317031443119,1
-0.7345317031443119,-0.7281333651766182,1
-0.7281333651766182,-0.7217350272089242,1
-0.7217350272089242,-0.7153366892412305,1
-0.7153366892412305,-0.7089383512735368,1
-0.7089383512735368,-0.7025400133058428,1
-0.7025400133058428,-0.6961416753381491,1
-0.6961416753381491,-0.6897433373704553,1
-0.6897433373704553,-0.6833449994027614,1
0.5835259182006121,0.5899242561683058,2
0.5899242561683058,0.5963225941359998,2
0.5963225941359998,0.6027209321036935,2
0.6027209321036935,0.6091192700713872,2
0.6091192700713872,0.6155176080390812,2
0.6155176080390812,0.6219159460067749,2
-0.48499652240425345,-0.47859818443655966,3
-0.47859818443655966,-0.4721998464688659,3
-0.4721998464688659,-0.465801508501172,3
-0.465801508501172,-0.45940317053347823,3
-0.45940317053347823,-0.4530048325657845,3
-0.4530048325657845,-0.4466064945980906,3
-0.4466064945980906,-0.4402081566303968,3
-0.4402081566303968,-0.4338098186627031,3
-0.4338098186627031,-0.4274114806950093,3
-0.4274114806950093,-0.4210131427273154,3
-0.4210131427273154,-0.41461480475962165,3
