-1.0071865501953288,-1.0024228376057,0
-1.0024228376057,-0.9976591250160709,0
-0.9976591250160709,-0.992895412426442,0
0.05988506988156586,0.06464878247119485,1
0.06464878247119485,0.06941249506082385,1
0.06941249506082385,0.07417620765045287,1
0.07417620765045287,0.07893992024008185,1
-0.09255373298656197,-0.08779002039693298,2
-0.08779002039693298,-0.08302630780730397,2
-0.08302630780730397,-0.07826259521767498,2
-0.07826259521767498,-0.07349888262804596,2
-0.07349888262804596,-0.06873517003841698,2
-0.06873517003841698,-0.06397145744878799,2
-0.06397145744878799,-0.059207744859159,2
-0.059207744859159,-0.05444403226953001,2
-0.05444403226953001,-0.049680319679901025,2
-0.049680319679901025,-0.04491660709027201,2
-0.7499460703553633,-0.7451823577657342,3
-0.7451823577657342,-0.7404186451761052,3
-0.7404186451761052,-0.7356549325864763,3
-0.7356549325864763,-0.7308912199968471,3
-0.7308912199968471,-0.7261275074072182,3
-0.7261275074072182,-0.7213637948175893,3
