-0.6587665104866027,-0.653300288869068,0
-0.653300288869068,-0.6478340672515333,0
-0.6478340672515333,-0.6423678456339985,0
-0.6423678456339985,-0.6369016240164638,0
-0.6369016240164638,-0.631435402398929,0
0.4180791481677442,0.42354536978527896,1
0.42354536978527896,0.4290115914028138,1
0.4290115914028138,0.43447781302034855,1
0.43447781302034855,0.43994403463788334,1
0.008112526852637525,0.013578748470172264,2
0.013578748470172264,0.019044970087707003,2
0.019044970087707003,0.024511191705241853,2
0.024511191705241853,0.02997741332277659,2
0.02997741332277659,0.03544363494031133,2
0.03544363494031133,0.04090985655784607,2
0.04090985655784607,0.04637607817538081,2
0.04637607817538081,0.05184229979291555,2
0.05184229979291555,0.057308521410450286,2
0.057308521410450286,0.06277474302798514,2
0.06277474302798514,0.06824096464551987,2
0.06824096464551987,0.07370718626305461,2
0.07370718626305461,0.07917340788058935,2
0.07917340788058935,0.08463962949812409,2
0.08463962949812409,0.09010585111565883,2
0.09010585111565883,0.09557207273319368,2
