-0.9593923657666892,-0.9527946976199746,0
-0.9527946976199746,-0.94619702947326,0
-0.94619702947326,-0.9395993613265454,0
-0.9395993613265454,-0.9330016931798311,0
-0.9330016931798311,-0.9264040250331165,0
0.15561355102807284,0.16221121917478742,1
0.16221121917478742,0.168808887321502,1
0.168808887321502,0.1754065554682166,1
0.1754065554682166,0.18200422361493107,1
0.18200422361493107,0.18860189176164566,1
0.18860189176164566,0.19519955990836024,1
0.19519955990836024,0.20179722805507483,1
0.20179722805507483,0.20839489620178941,1
0.20839489620178941,0.214992564348504,1
-0.06870716596022253,-0.06210949781350794,2
-0.06210949781350794,-0.055511829666793355,2
-0.055511829666793355,-0.04891416152007877,2
-0.04891416152007877,-0.042316493373364183,2
-0.042316493373364183,-0.0357188252266496,2
-0.0357188252266496,-0.02912115707993501,2
-0.02912115707993501,-0.022523488933220537,2
-0.022523488933220537,-0.01592582078650595,2
-0.01592582078650595,-0.009328152639791365,2
-0.009328152639791365,-0.002730484493076779,2
-0.002730484493076779,0.003867183653637807,2
0.003867183653637807,0.010464851800352393,2
0.5250829672440886,0.5316806353908032,3
0.5316806353908032,0.5382783035375178,3
0.5382783035375178,0.5448759716842324,3
0.5448759716842324,0.551473639830947,3
0.551473639830947,0.5580713079776616,3
0.2413832369353623,0.24798090508207676,4
0.24798090508207676,0.25457857322879135,4
0.25457857322879135,0.26117624137550594,4
0.26117624137550594,0.26777390952222047,4
