-0.15567134702578192,-0.1500377358403057,0
-0.1500377358403057,-0.14440412465482955,0
-0.14440412465482955,-0.13877051346935335,0
-0.13877051346935335,-0.1331369022838772,0
-0.1331369022838772,-0.127503291098401,0
-0.127503291098401,-0.1218696799129248,0
-0.1218696799129248,-0.11623606872744863,0
-0.11623606872744863,-0.11060245754197243,0
-0.11060245754197243,-0.10496884635649628,0
-0.10496884635649628,-0.09933523517102008,0
-0.09933523517102008,-0.09370162398554388,0
-0.09370162398554388,-0.08806801280006771,0
