0.34044288331642747,0.34507797434926035,0
0.34507797434926035,0.3497130653820931,0
0.3497130653820931,0.354348156414926,0
0.354348156414926,0.3589832474477589,0
0.3589832474477589,0.3636183384805918,0
0.3636183384805918,0.36825342951342455,0
0.36825342951342455,0.37288852054625754,0
0.37288852054625754,0.3775236115790903,0
0.3775236115790903,0.38215870261192314,0
0.38215870261192314,0.3867937936447561,0
0.3867937936447561,0.39142888467758885,0
0.39142888467758885,0.39606397571042185,0
0.39606397571042185,0.4006990667432546,0
-0.4475225922651589,-0.442887501232326,1
-0.442887501232326,-0.4382524101994931,1
-0.4382524101994931,-0.43361731916666024,1
-0.43361731916666024,-0.42898222813382736,1
-0.42898222813382736,-0.4243471371009946,1
-0.4243471371009946,-0.4197120460681617,1
-0.4197120460681617,-0.4150769550353288,1
-0.4150769550353288,-0.41044186400249594,1
0.6231834363192319,0.6278185273520649,2
0.6278185273520649,0.6324536183848977,2
0.6324536183848977,0.6370887094177304,2
0.6370887094177304,0.6417238004505634,2
0.6417238004505634,0.6463588914833962,2
0.6463588914833962,0.6509939825162292,2
0.6509939825162292,0.655629073549062,2
0.655629073549062,0.6602641645818947,2
0.5397517977282404,0.5443868887610732,3
0.5443868887610732,0.5490219797939062,3
0.5490219797939062,0.553657070826739,3
0.553657070826739,0.558292161859572,3
0.558292161859572,0.5629272528924048,3
0.5629272528924048,0.5675623439252375,3
0.5675623439252375,0.5721974349580705,3
0.5721974349580705,0.5768325259909033,3
0.5768325259909033,0.5814676170237363,3
0.5814676170237363,0.586102708056569,3
0.586102708056569,0.5907377990894018,3
0.5907377990894018,0.5953728901222348,3
0.5953728901222348,0.6000079811550676,3
