-0.02535718843573706,-0.02091428438201548,0
-0.02091428438201548,-0.0164713803282939,0
-0.0164713803282939,-0.01202847627457232,0
-0.01202847627457232,-0.007585572220850739,0
0.05017218047752976,0.05461508453125133,1
0.05461508453125133,0.059057988584972895,1
0.059057988584972895,0.06350089263869449,1
0.06350089263869449,0.06794379669241606,1
0.010186043994035554,0.014628948047757134,2
0.014628948047757134,0.0190718521014787,2
0.0190718521014787,0.023514756155200295,2
0.023514756155200295,0.02795766020892186,2
0.02795766020892186,0.032400564262643455,2
0.032400564262643455,0.03684346831636502,2
0.9920678398665042,0.9965107439202257,3
0.9965107439202257,1.0009536479739474,3
1.0009536479739474,1.0053965520276686,3
0.22344543857267127,0.22788834262639285,4
0.22788834262639285,0.2323312466801144,4
