-1.0019479132909326,-0.9962644221819936,0
-0.9962644221819936,-0.9905809310730547,0
-0.9905809310730547,-0.9848974399641155,0
-0.9848974399641155,-0.9792139488551765,0
-0.16079122916795313,-0.15510773805901407,1
-0.15510773805901407,-0.149424246950075,1
-0.149424246950075,-0.14374075584113594,1
-0.14374075584113594,-0.13805726473219693,1
-0.13805726473219693,-0.13237377362325786,1
-0.13237377362325786,-0.1266902825143188,1
-0.3597134179808199,-0.3540299268718809,2
-0.3540299268718809,-0.3483464357629418,2
-0.3483464357629418,-0.34266294465400277,2
-0.34266294465400277,-0.33697945354506365,2
-0.33697945354506365,-0.3312959624361247,2
0.19158521958626804,0.1972687106952071,3
0.1972687106952071,0.20295220180414617,3
0.20295220180414617,0.2086356929130852,3
0.2086356929130852,0.21431918402202427,3
0.21431918402202427,0.22000267513096333,3
0.06086492408066985,0.06654841518960891,4
0.06654841518960891,0.07223190629854798,4
