-0.4421726957149804,-0.4356239119451494,0
-0.4356239119451494,-0.42907512817531834,0
-0.42907512817531834,-0.4225263444054873,0
-0.4225263444054873,-0.4159775606356561,0
0.985462166108191,0.9920109498780221,1
0.9920109498780221,0.9985597336478531,1
0.9985597336478531,1.005108517417684,1
0.2716447351966053,0.27819351896643635,2
0.27819351896643635,0.2847423027362674,2
0.2847423027362674,0.2912910865060984,2
0.2912910865060984,0.2978398702759295,2
0.2978398702759295,0.30438865404576054,2
0.30438865404576054,0.3109374378155916,2
0.3109374378155916,0.3174862215854227,2
0.3174862215854227,0.3240350053552538,2
0.3240350053552538,0.33058378912508485,2
0.33058378912508485,0.3371325728949159,2
0.3371325728949159,0.3436813566647469,2
0.3436813566647469,0.350230140434578,2
