-0.8298561429977417,-0.8231931349821388,0
-0.8231931349821388,-0.816530126966536,0
-0.816530126966536,-0.8098671189509331,0
-0.8098671189509331,-0.8032041109353304,0
-0.8032041109353304,-0.7965411029197275,0
-0.6566179345920682,-0.6499549265764654,1
-0.6499549265764654,-0.6432919185608625,1
-0.6432919185608625,-0.6366289105452597,1
-0.6366289105452597,-0.6299659025296568,1
-0.6299659025296568,-0.6233028945140541,1
-0.6233028945140541,-0.6166398864984511,1
-0.6166398864984511,-0.6099768784828484,1
-0.6099768784828484,-0.6033138704672455,1
-0.6033138704672455,-0.5966508624516428,1
-0.5966508624516428,-0.5899878544360398,1
-0.5899878544360398,-0.5833248464204371,1
0.8358958609029651,0.8425588689185678,2
0.8425588689185678,0.8492218769341707,2
0.8492218769341707,0.8558848849497734,2
0.8558848849497734,0.8625478929653764,2
0.8625478929653764,0.8692109009809791,2
0.8692109009809791,0.875873908996582,2
-0.06361022120341664,-0.056947213187813706,3
-0.056947213187813706,-0.05028420517221088,3
-0.05028420517221088,-0.04362119715660806,3
-0.04362119715660806,-0.03695818914100524,3
-0.03695818914100524,-0.030295181125402415,3
-0.030295181125402415,-0.023632173109799592,3
-0.023632173109799592,-0.01696916509419677,3
-0.01696916509419677,-0.010306157078593947,3
