-0.9004656553268433,-0.8935127216856926,0
-0.8935127216856926,-0.8865597880445422,0
-0.8865597880445422,-0.8796068544033915,0
0.6569914802908898,0.6639444139320403,1
0.6639444139320403,0.670897347573191,1
0.670897347573191,0.6778502812143417,1
0.6778502812143417,0.6848032148554921,1
0.6848032148554921,0.6917561484966428,1
0.12856852356344461,0.13552145720459524,2
0.13552145720459524,0.14247439084574576,2
0.14247439084574576,0.14942732448689644,2
0.14942732448689644,0.15638025812804696,2
0.15638025812804696,0.16333319176919758,2
0.16333319176919758,0.1702861254103482,2
0.1702861254103482,0.17723905905149873,2
0.17723905905149873,0.1841919926926494,2
0.1841919926926494,0.19114492633379992,2
0.19114492633379992,0.19809785997495055,2
0.19809785997495055,0.20505079361610118,2
0.20505079361610118,0.2120037272572517,2
0.2120037272572517,0.21895666089840238,2
