-0.16325362314935776,-0.15878606482641772,0
-0.15878606482641772,-0.1543185065034777,0
-0.1543185065034777,-0.14985094818053768,0
-0.14985094818053768,-0.1453833898575977,0
-0.1453833898575977,-0.14091583153465764,0
-0.3374883977440186,-0.3330208394210786,1
-0.3330208394210786,-0.3285532810981385,1
-0.3285532810981385,-0.32408572277519854,1
-0.32408572277519854,-0.31961816445225855,1
-0.31961816445225855,-0.31515060612931844,1
-0.31515060612931844,-0.31068304780637845,1
-0.31068304780637845,-0.30621548948343846,1
-0.30621548948343846,-0.3017479311604984,1
-0.3017479311604984,-0.29728037283755837,1
0.06459185132058336,0.06905940964352339,2
0.06905940964352339,0.07352696796646342,2
0.07352696796646342,0.07799452628940343,2
0.07799452628940343,0.08246208461234346,2
0.08246208461234346,0.08692964293528346,2
-0.07390245669055731,-0.0694348983676173,3
-0.0694348983676173,-0.06496734004467727,3
-0.06496734004467727,-0.06049978172173724,3
