-0.2786084841471165,-0.27246962357312443,0
-0.27246962357312443,-0.2663307629991323,0
-0.2663307629991323,-0.2601919024251401,0
-0.2601919024251401,-0.25405304185114796,0
-0.25405304185114796,-0.24791418127715584,0
-0.24791418127715584,-0.24177532070316374,0
-0.24177532070316374,-0.2356364601291716,0
-0.2356364601291716,-0.22949759955517945,0
-0.22949759955517945,-0.2233587389811873,0
-0.2233587389811873,-0.21721987840719517,0
-0.21721987840719517,-0.21108101783320307,0
-0.21108101783320307,-0.20494215725921094,0
-0.20494215725921094,-0.1988032966852188,0
-0.1988032966852188,-0.19266443611122663,0
-0.5241629071068019,-0.5180240465328096,1
-0.5180240465328096,-0.5118851859588176,1
-0.5118851859588176,-0.5057463253848253,1
-0.5057463253848253,-0.4996074648108333,1
-0.4996074648108333,-0.4934686042368412,1
-0.4934686042368412,-0.487329743662849,1
-0.487329743662849,-0.48119088308885694,1
-0.48119088308885694,-0.4750520225148647,1
-0.4750520225148647,-0.4689131619408726,1
-0.4689131619408726,-0.4627743013668805,1
-0.4627743013668805,-0.4566354407928883,1
-0.4566354407928883,-0.45049658021889627,1
-0.45049658021889627,-0.44435771964490406,1
-0.44435771964490406,-0.43821885907091196,1
-0.43821885907091196,-0.43207999849691986,1
-0.43207999849691986,-0.42594113792292765,1
-0.42594113792292765,-0.4198022773489356,1
-0.4198022773489356,-0.4136634167749434,1
