-0.15291730288416147,-0.14709146677982063,0
-0.14709146677982063,-0.14126563067547973,0
-0.14126563067547973,-0.1354397945711389,0
-0.1354397945711389,-0.12961395846679805,0
-0.12961395846679805,-0.12378812236245718,0
0.9889465735666454,0.9947724096709861,1
0.9947724096709861,1.000598245775327,1
1.000598245775327,1.0064240818796677,1
0.37723378261085605,0.3830596187151969,2
0.3830596187151969,0.38888545481953773,2
0.38888545481953773,0.3947112909238786,2
0.3947112909238786,0.4005371270282194,2
0.4005371270282194,0.40636296313256026,2
0.40636296313256026,0.4121887992369011,2
