-0.5583946589380502,-0.5531861677486449,0
-0.5531861677486449,-0.5479776765592397,0
-0.5479776765592397,-0.5427691853698342,0
-0.5427691853698342,-0.537560694180429,0
-0.537560694180429,-0.5323522029910237,0
-0.5323522029910237,-0.5271437118016185,0
-0.5271437118016185,-0.521935220612213,0
0.07183277497999374,0.07704126616939899,1
0.07704126616939899,0.08224975735880435,1
0.08224975735880435,0.08745824854820972,1
0.08745824854820972,0.09266673973761497,1
0.09266673973761497,0.09787523092702033,1
0.09787523092702033,0.10308372211642558,1
0.10308372211642558,0.10829221330583094,1
0.10829221330583094,0.1135007044952363,1
0.1135007044952363,0.11870919568464156,1
0.11870919568464156,0.12391768687404692,1
0.12391768687404692,0.12912617806345228,1
0.12912617806345228,0.13433466925285753,1
0.13433466925285753,0.1395431604422629,1
0.1395431604422629,0.14475165163166825,1
0.14475165163166825,0.1499601428210735,1
0.1499601428210735,0.15516863401047887,1
0.15516863401047887,0.16037712519988423,1
0.16037712519988423,0.16558561638928948,1
0.16558561638928948,0.17079410757869484,1
0.17079410757869484,0.1760025987681001,1
0.1760025987681001,0.18121108995750546,1
0.18121108995750546,0.1864195811469108,1
0.1864195811469108,0.1916280723363161,1
0.1916280723363161,0.19683656352572143,1
0.19683656352572143,0.20204505471512677,1
0.20204505471512677,0.20725354590453207,1
0.5093460348900407,0.5145545260794462,2
0.5145545260794462,0.5197630172688514,2
0.5197630172688514,0.5249715084582567,2
0.5249715084582567,0.5301799996476622,2
0.5301799996476622,0.5353884908370674,2
0.238504493040964,0.24371298423036936,3
0.24371298423036936,0.24892147541977463,3
0.24892147541977463,0.25412996660917997,3
