-0.8809217929840087,-0.8747676622122527,0
-0.8747676622122527,-0.8686135314404964,0
-0.8686135314404964,-0.8624594006687403,0
0.4914493691176176,0.4976034998893737,1
0.4976034998893737,0.50375763066113,1
0.50375763066113,0.5099117614328861,1
0.5099117614328861,0.5160658922046422,1
0.5160658922046422,0.5222200229763985,1
-0.06242240034043789,-0.056268269568681695,2
-0.056268269568681695,-0.0501141387969255,2
-0.0501141387969255,-0.04396000802516942,2
-0.04396000802516942,-0.03780587725341322,2
-0.03780587725341322,-0.03165174648165703,2
-0.03165174648165703,-0.025497615709900834,2
-0.025497615709900834,-0.01934348493814464,2
-0.01934348493814464,-0.013189354166388556,2
