-0.9016270840167999,-0.8945411924179643,0
-0.8945411924179643,-0.8874553008191288,0
-0.8874553008191288,-0.8803694092202932,0
-0.8803694092202932,-0.8732835176214575,0
-0.8732835176214575,-0.8661976260226221,0
0.6643549593258649,0.6714408509247005,1
0.6714408509247005,0.6785267425235362,1
0.6785267425235362,0.6856126341223716,1
0.6856126341223716,0.6926985257212073,1
0.6926985257212073,0.6997844173200429,1
-0.11509311654604976,-0.10800722494721415,2
-0.10800722494721415,-0.1009213333483785,2
-0.1009213333483785,-0.093835441749543,2
-0.093835441749543,-0.0867495501507074,2
-0.0867495501507074,-0.07966365855187174,2
-0.07966365855187174,-0.0725777669530362,2
-0.0725777669530362,-0.06549187535420065,2
-0.06549187535420065,-0.05840598375536499,2
-0.05840598375536499,-0.05132009215652944,2
-0.05132009215652944,-0.04423420055769389,2
