-0.23671969982795416,-0.23087450316175817,0
-0.23087450316175817,-0.2250293064955622,0
-0.2250293064955622,-0.2191841098293662,0
-0.2191841098293662,-0.21333891316317022,0
-0.21333891316317022,-0.20749371649697423,0
-0.20749371649697423,-0.20164851983077825,0
-0.20164851983077825,-0.19580332316458227,0
-0.19580332316458227,-0.18995812649838628,0
-0.18995812649838628,-0.18411292983219027,0
-0.18411292983219027,-0.17826773316599429,0
-0.17826773316599429,-0.1724225364997983,0
-0.1724225364997983,-0.16657733983360232,0
-0.16657733983360232,-0.16073214316740633,0
-0.16073214316740633,-0.15488694650121035,0
-0.15488694650121035,-0.14904174983501436,0
-0.14904174983501436,-0.14319655316881832,0
-0.14319655316881832,-0.1373513565026223,0
-0.1373513565026223,-0.13150615983642633,0
