-0.8481355567183345,-0.8415728476457297,0
-0.8415728476457297,-0.8350101385731249,0
-0.8350101385731249,-0.8284474295005203,0
-0.8284474295005203,-0.8218847204279155,0
-0.8218847204279155,-0.8153220113553107,0
-0.8153220113553107,-0.8087593022827059,0
-0.8087593022827059,-0.8021965932101011,0
0.3856537489313633,0.39221645800396804,1
0.39221645800396804,0.39877916707657274,1
0.39877916707657274,0.4053418761491775,1
0.04439287715591489,0.0509555862285197,2
0.0509555862285197,0.0575182953011244,2
0.0575182953011244,0.06408100437372921,2
0.06408100437372921,0.07064371344633402,2
0.07064371344633402,0.07720642251893883,2
0.07720642251893883,0.08376913159154353,2
0.08376913159154353,0.09033184066414834,2
0.09033184066414834,0.09689454973675315,2
0.09689454973675315,0.10345725880935785,2
0.10345725880935785,0.11001996788196267,2
0.11001996788196267,0.11658267695456748,2
0.11658267695456748,0.12314538602717218,2
0.6350366936903448,0.6415994027629495,3
0.6415994027629495,0.6481621118355542,3
0.6481621118355542,0.654724820908159,3
0.654724820908159,0.6612875299807638,3
0.6612875299807638,0.6678502390533686,3
0.4053418761491775,0.4119045852217823,4
0.4119045852217823,0.4184672942943871,4
0.4184672942943871,0.4250300033669919,4
0.4250300033669919,0.4315927124395967,4
0.4315927124395967,0.4381554215122014,4
