-0.023787266407161944,-0.01888737898319956,0
-0.01888737898319956,-0.01398749155923723,0
-0.01398749155923723,-0.009087604135274846,0
-0.009087604135274846,-0.004187716711312517,0
-0.16098411427810785,-0.15608422685414552,1
-0.15608422685414552,-0.15118433943018314,1
-0.15118433943018314,-0.1462844520062208,1
-0.1462844520062208,-0.14138456458225843,1
-0.14138456458225843,-0.1364846771582961,1
0.18200800539925693,0.18690789282321935,2
0.18690789282321935,0.19180778024718165,2
0.19180778024718165,0.19670766767114406,2
0.19670766767114406,0.20160755509510636,2
0.00071217071264984,0.005612058136612197,3
0.005612058136612197,0.010511945560574526,3
