-0.9925784196332097,-0.9866306814365089,0
-0.9866306814365089,-0.9806829432398081,0
-0.9806829432398081,-0.9747352050431073,0
-0.9747352050431073,-0.9687874668464065,0
-0.9687874668464065,-0.9628397286497057,0
0.32781946003437046,0.33376719823107126,1
0.33376719823107126,0.33971493642777206,1
0.33971493642777206,0.34566267462447287,1
0.34566267462447287,0.35161041282117367,1
0.35161041282117367,0.35755815101787447,1
0.35755815101787447,0.3635058892145753,1
0.3635058892145753,0.3694536274112761,1
0.08990993216633791,0.09585767036303872,2
0.09585767036303872,0.10180540855973963,2
0.10180540855973963,0.10775314675644043,2
0.10775314675644043,0.11370088495314123,2
0.11370088495314123,0.11964862314984204,2
0.11964862314984204,0.12559636134654284,2
0.12559636134654284,0.13154409954324364,2
0.13154409954324364,0.13749183773994444,2
-0.37401364717632535,-0.36806590897962455,3
-0.36806590897962455,-0.36211817078292374,3
-0.36211817078292374,-0.35617043258622294,3
-0.35617043258622294,-0.35022269438952214,3
-0.35022269438952214,-0.34427495619282134,3
-0.34427495619282134,-0.3383272179961205,3
-0.3383272179961205,-0.3323794797994197,3
-0.3323794797994197,-0.3264317416027189,3
-0.3264317416027189,-0.32048400340601807,3
