-0.705958169233054,-0.6990935193374753,0
-0.6990935193374753,-0.6922288694418967,0
-0.6922288694418967,-0.685364219546318,0
-0.685364219546318,-0.6784995696507395,0
0.8111294576898217,0.8179941075854004,1
0.8179941075854004,0.824858757480979,1
0.824858757480979,0.8317234073765577,1
0.8317234073765577,0.8385880572721361,1
0.8385880572721361,0.8454527071677148,1
0.8454527071677148,0.8523173570632935,1
-0.026357829570770264,-0.019493179675191596,2
-0.019493179675191596,-0.01262852977961304,2
-0.01262852977961304,-0.005763879884034373,2
-0.005763879884034373,0.0011007700115441832,2
0.0011007700115441832,0.00796541990712285,2
0.00796541990712285,0.014830069802701518,2
0.014830069802701518,0.021694719698280074,2
