-0.6490704325493426,-0.6419242992252112,0
-0.6419242992252112,-0.6347781659010798,0
-0.6347781659010798,-0.6276320325769484,0
-0.6276320325769484,-0.620485899252817,0
0.9873940986767411,0.9945402320008725,1
0.9945402320008725,1.0016863653250039,1
1.0016863653250039,1.0088324986491353,1
0.35138823282904924,0.3585343661531806,2
0.3585343661531806,0.36568049947731196,2
0.36568049947731196,0.37282663280144335,2
0.37282663280144335,0.37997276612557473,2
0.37997276612557473,0.3871188994497061,2
0.3871188994497061,0.3942650327738375,2
0.3942650327738375,0.40141116609796884,2
0.40141116609796884,0.40855729942210023,2
0.40855729942210023,0.4157034327462316,2
0.4157034327462316,0.4228495660703629,2
0.4228495660703629,0.4299956993944943,2
0.4299956993944943,0.43714183271862567,2
