-0.06643701368011537,-0.061153315734118224,0
-0.061153315734118224,-0.055869617788121106,0
-0.055869617788121106,-0.05058591984212396,0
-0.05058591984212396,-0.0453022218961269,0
0.18718048772774637,0.1924641856737435,1
0.1924641856737435,0.19774788361974063,1
0.19774788361974063,0.20303158156573775,1
0.20303158156573775,0.20831527951173484,1
0.20831527951173484,0.21359897745773196,1
0.21359897745773196,0.2188826754037291,1
0.2188826754037291,0.22416637334972625,1
0.22416637334972625,0.2294500712957233,1
0.2294500712957233,0.23473376924172046,1
0.23473376924172046,0.24001746718771758,1
0.24001746718771758,0.24530116513371472,1
0.09207392469979825,0.09735762264579534,2
0.09735762264579534,0.10264132059179246,2
0.9903025755193084,0.9955862734653056,3
0.9955862734653056,1.000869971411303,3
1.000869971411303,1.0061536693572999,3
0.3351240302156657,0.34040772816166287,4
0.34040772816166287,0.34569142610766,4
0.34569142610766,0.35097512405365716,4
0.35097512405365716,0.3562588219996542,4
0.3562588219996542,0.3615425199456513,4
0.3615425199456513,0.36682621789164843,4
0.36682621789164843,0.3721099158376455,4
0.3721099158376455,0.37739361378364267,4
0.37739361378364267,0.3826773117296398,4
0.3826773117296398,0.38796100967563696,4
