-1.006903274003416,-1.0023251723125577,0
-1.0023251723125577,-0.9977470706216991,0
-0.9977470706216991,-0.9931689689308405,0
-0.2560945967026055,-0.2515164950117469,1
-0.2515164950117469,-0.2469383933208883,1
-0.2469383933208883,-0.24236029163002967,1
-0.24236029163002967,-0.23778218993917108,1
-0.37970334235578773,-0.37512524066492914,2
-0.37512524066492914,-0.37054713897407054,2
-0.37054713897407054,-0.36596903728321195,2
-0.36596903728321195,-0.36139093559235336,2
-0.36139093559235336,-0.35681283390149476,2
-0.35681283390149476,-0.35223473221063617,2
-0.35223473221063617,-0.3476566305197776,2
-0.3476566305197776,-0.3430785288289189,2
-0.3430785288289189,-0.33850042713806033,2
-0.013455207087099547,-0.008877105396240953,3
-0.008877105396240953,-0.004299003705382359,3
-0.004299003705382359,0.0002790979854762621,3
0.0002790979854762621,0.0048571996763348835,3
0.0048571996763348835,0.009435301367193477,3
-0.1507982578128576,-0.146220156121999,4
-0.146220156121999,-0.14164205443114042,4
