-0.04937228324124587,-0.04461989161092786,0
-0.04461989161092786,-0.039867499980609844,0
-0.039867499980609844,-0.03511510835029183,0
-0.03511510835029183,-0.030362716719973815,0
0.9914014837983995,0.9961538754287176,1
0.9961538754287176,1.0009062670590356,1
1.0009062670590356,1.005658658689354,1
0.28804752251133325,0.29279991414165124,2
0.29279991414165124,0.2975523057719693,2
0.2975523057719693,0.3023046974022873,2
0.3023046974022873,0.3070570890326053,2
0.3070570890326053,0.3118094806629233,2
0.3118094806629233,0.31656187229324134,2
0.31656187229324134,0.3213142639235594,2
0.3213142639235594,0.32606665555387737,2
0.32606665555387737,0.3308190471841954,2
0.3308190471841954,0.3355714388145134,2
0.3355714388145134,0.34032383044483144,2
0.34032383044483144,0.3450762220751495,2
0.3450762220751495,0.3498286137054675,2
0.3498286137054675,0.35458100533578546,2
0.35458100533578546,0.3593333969661035,2
0.3593333969661035,0.36408578859642154,2
0.36408578859642154,0.36883818022673953,2
