-0.7840781617164612,-0.7785092118941248,0
-0.7785092118941248,-0.7729402620717882,0
-0.7729402620717882,-0.7673713122494519,0
-0.7673713122494519,-0.7618023624271155,0
-0.7618023624271155,-0.7562334126047789,0
0.4355218493752182,0.44109079919755456,1
0.44109079919755456,0.446659749019891,1
0.446659749019891,0.4522286988422275,1
0.4522286988422275,0.45779764866456385,1
0.45779764866456385,0.46336659848690026,1
0.17378120772540573,0.17935015754774208,2
0.17935015754774208,0.18491910737007855,2
0.18491910737007855,0.19048805719241502,2
0.19048805719241502,0.1960570070147514,2
0.1960570070147514,0.20162595683708784,2
0.20162595683708784,0.2071949066594243,2
0.2071949066594243,0.21276385648176074,2
0.21276385648176074,0.21833280630409715,2
0.21833280630409715,0.2239017561264336,2
0.2239017561264336,0.22947070594877006,2
0.22947070594877006,0.2350396557711065,2
0.017850612699985557,0.023419562522321913,3
0.023419562522321913,0.02898851234465838,3
0.02898851234465838,0.034557462166994846,3
0.034557462166994846,0.0401264119893312,3
0.0401264119893312,0.04569536181166767,3
0.04569536181166767,0.051264311634004134,3
0.051264311634004134,0.0568332614563406,3
0.0568332614563406,0.062402211278676956,3
0.062402211278676956,0.06797116110101342,3
0.06797116110101342,0.07354011092334989,3
0.07354011092334989,0.07910906074568624,3
0.07910906074568624,0.08467801056802271,3
