0.23217275041854013,0.23495036165229977,0
0.23495036165229977,0.2377279728860594,0
0.2377279728860594,0.24050558411981912,0
0.24050558411981912,0.24328319535357879,0
0.04607279775664208,0.04885040899040177,1
0.04885040899040177,0.051628020224161464,1
0.051628020224161464,0.0544056314579211,1
0.0544056314579211,0.05718324269168079,1
0.05718324269168079,0.05996085392544048,1
0.05996085392544048,0.06273846515920012,1
0.06273846515920012,0.06551607639295981,1
0.06551607639295981,0.06829368762671949,1
0.06829368762671949,0.07107129886047914,1
0.07107129886047914,0.07384891009423883,1
-0.06780926282750444,-0.06503165159374474,2
-0.06503165159374474,-0.062254040359985094,2
-0.062254040359985094,-0.059476429126225416,2
-0.059476429126225416,-0.05669881789246574,2
-0.05669881789246574,-0.053921206658706075,2
-0.053921206658706075,-0.0511435954249464,2
-0.0511435954249464,-0.04836598419118672,2
-0.04836598419118672,-0.04558837295742707,2
-0.04558837295742707,-0.04281076172366738,2
