-0.04115761687513439,-0.03634889689274129,0
-0.03634889689274129,-0.03154017691034822,0
-0.03154017691034822,-0.026731456927955116,0
-0.026731456927955116,-0.021922736945562044,0
0.1367650224734098,0.14157374245580287,1
0.14157374245580287,0.146382462438196,1
0.146382462438196,0.15119118242058907,1
0.15119118242058907,0.15599990240298217,1
0.15599990240298217,0.16080862238537524,1
0.16080862238537524,0.16561734236776832,1
0.16561734236776832,0.1704260623501614,1
0.06463422273751351,0.06944294271990659,2
0.06944294271990659,0.07425166270229969,2
0.9927171793393792,0.9975258993217722,3
0.9975258993217722,1.0023346193041651,3
1.0023346193041651,1.0071433392865585,3
0.49741902115289127,0.5022277411352843,4
0.5022277411352843,0.5070364611176774,4
0.5070364611176774,0.5118451811000706,4
0.5118451811000706,0.5166539010824636,4
0.5166539010824636,0.5214626210648567,4
0.5214626210648567,0.5262713410472497,4
0.5262713410472497,0.5310800610296429,4
