-0.22312551282346246,-0.21796547604259103,0
-0.21796547604259103,-0.21280543926171955,0
-0.21280543926171955,-0.20764540248084812,0
-0.20764540248084812,-0.20248536569997663,0
-0.20248536569997663,-0.1973253289191052,0
-0.1973253289191052,-0.19216529213823375,0
-0.19216529213823375,-0.18700525535736232,0
-0.18700525535736232,-0.18184521857649089,0
-0.18184521857649089,-0.1766851817956194,0
-0.1766851817956194,-0.17152514501474797,0
-0.17152514501474797,-0.16636510823387649,0
-0.3727665794687345,-0.36760654268786314,1
-0.36760654268786314,-0.3624465059069917,1
-0.3624465059069917,-0.35728646912612017,1
-0.35728646912612017,-0.35212643234524865,1
-0.35212643234524865,-0.3469663955643773,1
-0.3469663955643773,-0.34180635878350585,1
-0.34180635878350585,-0.33664632200263434,1
-0.33664632200263434,-0.33148628522176293,1
0.15355717218015347,0.1587172089610249,2
0.1587172089610249,0.16387724574189638,2
0.16387724574189638,0.16903728252276778,2
0.16903728252276778,0.17419731930363927,2
-0.0425242254929617,-0.03736418871209021,3
-0.03736418871209021,-0.03220415193121878,3
-0.03220415193121878,-0.027044115150347325,3
-0.027044115150347325,-0.021884078369475868,3
-0.021884078369475868,-0.016724041588604466,3
