-0.242021165387705,-0.2366412580385804,0
-0.2366412580385804,-0.23126135068945586,0
-0.23126135068945586,-0.22588144334033133,0
-0.22588144334033133,-0.22050153599120678,0
-0.22050153599120678,-0.2151216286420822,0
-0.042964593470096624,-0.0375846861209721,1
-0.0375846861209721,-0.032204778771847464,1
-0.032204778771847464,-0.02682487142272294,1
-0.02682487142272294,-0.021444964073598416,1
-0.0806239449139684,-0.07524403756484388,2
-0.07524403756484388,-0.06986413021571936,2
-0.06986413021571936,-0.06448422286659483,2
0.7909210456442087,0.7963009529933335,3
0.7963009529933335,0.801680860342458,3
0.801680860342458,0.8070607676915825,3
0.8070607676915825,0.812440675040707,3
0.812440675040707,0.8178205823898316,3
0.04311392411589621,0.04849383146502073,4
0.04849383146502073,0.05387373881414537,4
0.05387373881414537,0.05925364616326989,4
0.05925364616326989,0.06463355351239441,4
0.06463355351239441,0.07001346086151894,4
0.07001346086151894,0.07539336821064357,4
0.07539336821064357,0.0807732755597681,4
0.0807732755597681,0.08615318290889262,4
0.08615318290889262,0.09153309025801715,4
0.09153309025801715,0.09691299760714178,4
0.09691299760714178,0.1022929049562663,4
0.1022929049562663,0.10767281230539083,4
0.10767281230539083,0.11305271965451535,4
0.11305271965451535,0.11843262700363999,4
