-0.9778563451766967,-0.9710628295969218,0
-0.9710628295969218,-0.9642693140171469,0
-0.9642693140171469,-0.9574757984373717,0
-0.9574757984373717,-0.9506822828575968,0
0.4895430200546979,0.496336535634473,1
0.496336535634473,0.5031300512142479,1
0.5031300512142479,0.5099235667940228,1
0.5099235667940228,0.5167170823737979,1
0.5167170823737979,0.5235105979535729,1
0.16345427222549913,0.1702477878052741,2
0.1702477878052741,0.17704130338504914,2
0.17704130338504914,0.18383481896482406,2
0.18383481896482406,0.19062833454459904,2
0.19062833454459904,0.19742185012437397,2
0.19742185012437397,0.20421536570414894,2
0.20421536570414894,0.21100888128392398,2
0.21100888128392398,0.21780239686369895,2
0.21780239686369895,0.22459591244347388,2
0.22459591244347388,0.23138942802324886,2
-0.2101890846621245,-0.20339556908234957,3
-0.20339556908234957,-0.1966020535025746,3
-0.1966020535025746,-0.18980853792279956,3
-0.18980853792279956,-0.18301502234302458,3
-0.18301502234302458,-0.17622150676324966,3
-0.17622150676324966,-0.16942799118347468,3
-0.16942799118347468,-0.16263447560369965,3
