-0.030100846644490975,-0.024362341137602994,0
-0.024362341137602994,-0.018623835630714958,0
-0.018623835630714958,-0.012885330123826921,0
-0.012885330123826921,-0.007146824616938885,0
-0.007146824616938885,-0.0014083191100508485,0
0.22239339565858238,0.2281319011654704,1
0.2281319011654704,0.23387040667235845,1
0.23387040667235845,0.23960891217924649,1
0.23960891217924649,0.2453474176861345,1
0.2453474176861345,0.25108592319302253,1
0.25108592319302253,0.25682442869991057,1
0.25682442869991057,0.2625629342067986,1
0.2625629342067986,0.26830143971368664,1
0.26830143971368664,0.27403994522057473,1
0.27403994522057473,0.2797784507274627,1
0.2797784507274627,0.2855169562343507,1
0.2855169562343507,0.2912554617412388,1
0.2912554617412388,0.29699396724812677,1
0.29699396724812677,0.30273247275501486,1
0.30273247275501486,0.30847097826190284,1
0.30847097826190284,0.31420948376879093,1
0.31420948376879093,0.3199479892756789,1
0.1191002965345978,0.12483880204148584,2
0.12483880204148584,0.13057730754837388,2
0.13057730754837388,0.13631581305526191,2
0.13631581305526191,0.14205431856214995,2
0.14205431856214995,0.147792824069038,2
0.147792824069038,0.15353132957592602,2
0.15353132957592602,0.15926983508281406,2
0.15926983508281406,0.1650083405897021,2
0.9913531335815786,0.9970916390884667,3
0.9970916390884667,1.002830144595355,3
1.002830144595355,1.0085686501022428,3
0.37159453883767124,0.3773330443445593,4
0.3773330443445593,0.3830715498514473,4
0.3830715498514473,0.38881005535833535,4
0.38881005535833535,0.3945485608652234,4
0.3945485608652234,0.40028706637211137,4
0.40028706637211137,0.40602557187899935,4
0.40602557187899935,0.41176407738588744,4
0.41176407738588744,0.4175025828927754,4
0.4175025828927754,0.4232410883996635,4
0.4232410883996635,0.4289795939065515,4
0.4289795939065515,0.4347180994134396,4
0.4347180994134396,0.44045660492032757,4
0.44045660492032757,0.44619511042721566,4
0.44619511042721566,0.45193361593410364,4
0.45193361593410364,0.45767212144099173,4
0.45767212144099173,0.4634106269478797,4
