-0.3953250585496425,-0.3899713016301394,0
-0.3899713016301394,-0.38461754471063614,0
-0.38461754471063614,-0.3792637877911329,0
-0.3792637877911329,-0.37391003087162966,0
-0.37391003087162966,-0.36855627395212653,0
0.803916491419077,0.8092702483385802,1
0.8092702483385802,0.8146240052580832,1
0.8146240052580832,0.8199777621775864,1
0.8199777621775864,0.8253315190970897,1
0.8253315190970897,0.8306852760165929,1
0.8306852760165929,0.8360390329360962,1
0.04903676576912408,0.05439052268862721,2
0.05439052268862721,0.059744279608130446,2
0.059744279608130446,0.06509803652763368,2
0.06509803652763368,0.07045179344713692,2
0.07045179344713692,0.07580555036664005,2
0.07580555036664005,0.08115930728614329,2
0.08115930728614329,0.08651306420564653,2
0.08651306420564653,0.09186682112514977,2
0.09186682112514977,0.0972205780446529,2
0.0972205780446529,0.10257433496415613,2
