-0.7242713818792252,-0.716616319771856,0
-0.716616319771856,-0.7089612576644868,0
-0.7089612576644868,-0.7013061955571174,0
-0.7013061955571174,-0.6936511334497482,0
0.97515240595676,0.9828074680641292,1
0.9828074680641292,0.9904625301714985,1
0.9904625301714985,0.998117592278868,1
0.998117592278868,1.0057726543862373,1
0.07951013939455148,0.08716520150192086,2
0.08716520150192086,0.09482026360929008,2
0.09482026360929008,0.10247532571665946,2
0.10247532571665946,0.11013038782402873,2
0.11013038782402873,0.117785449931398,2
0.117785449931398,0.12544051203876738,2
0.12544051203876738,0.1330955741461366,2
0.1330955741461366,0.14075063625350598,2
0.14075063625350598,0.14840569836087525,2
0.14840569836087525,0.15606076046824452,2
