-1.007358649969101,-1.0016740681929515,0
-1.0016740681929515,-0.9959894864168017,0
-0.9959894864168017,-0.9903049046406522,0
-0.03529516624752427,-0.029610584471374768,1
-0.029610584471374768,-0.023926002695225157,1
-0.023926002695225157,-0.018241420919075657,1
-0.018241420919075657,-0.012556839142926046,1
-0.012556839142926046,-0.006872257366776435,1
-0.006872257366776435,-0.0011876755906269354,1
-0.0011876755906269354,0.0044969061855226755,1
0.0044969061855226755,0.010181487961672286,1
0.010181487961672286,0.015866069737821786,1
-0.25699385551735754,-0.25130927374120804,2
-0.25130927374120804,-0.24562469196505843,2
-0.24562469196505843,-0.2399401101889089,2
-0.2399401101889089,-0.23425552841275932,2
-0.23425552841275932,-0.2285709466366097,2
-0.2285709466366097,-0.22288636486046018,2
-0.22288636486046018,-0.2172017830843106,2
-0.2172017830843106,-0.211517201308161,2
0.1920881047984585,0.19777268657460811,3
0.19777268657460811,0.20345726835075764,3
0.20345726835075764,0.20914185012690722,3
0.20914185012690722,0.2148264319030568,3
0.06702730572316795,0.07271188749931756,4
0.07271188749931756,0.07839646927546706,4
0.07839646927546706,0.08408105105161667,4
