-0.3989245793316514,-0.3930454877763987,0
-0.3930454877763987,-0.387166396221146,0
-0.387166396221146,-0.38128730466589333,0
-0.38128730466589333,-0.37540821311064065,0
-0.37540821311064065,-0.369529121555388,0
-0.369529121555388,-0.3636500300001353,0
0.9415082952659577,0.9473873868212104,1
0.9473873868212104,0.9532664783764631,1
0.9532664783764631,0.9591455699317157,1
0.9591455699317157,0.9650246614869684,1
0.9650246614869684,0.9709037530422211,1
-0.05793726912699637,-0.05205817757174369,2
-0.05205817757174369,-0.04617908601649101,2
-0.04617908601649101,-0.04029999446123844,2
-0.04029999446123844,-0.03442090290598576,2
-0.03442090290598576,-0.02854181135073308,2
-0.02854181135073308,-0.0226627197954804,2
-0.0226627197954804,-0.01678362824022772,2
-0.01678362824022772,-0.010904536684975041,2
-0.010904536684975041,-0.005025445129722361,2
-0.005025445129722361,0.0008536464255303189,2
