-0.9998706170939841,-0.9951731878565626,0
-0.9951731878565626,-0.9904757586191408,0
-0.9904757586191408,-0.9857783293817193,0
0.038261244376189996,0.04295867361361161,1
0.04295867361361161,0.047656102851033194,1
0.047656102851033194,0.05235353208845481,1
0.05235353208845481,0.057050961325876406,1
-0.07917448655935005,-0.07447705732192844,2
-0.07447705732192844,-0.06977962808450686,2
-0.06977962808450686,-0.06508219884708527,2
-0.06508219884708527,-0.06038476960966366,2
-0.06038476960966366,-0.055687340372242045,2
-0.055687340372242045,-0.05098991113482043,2
-0.31874337766785177,-0.31404594843043016,3
-0.31404594843043016,-0.3093485191930086,3
-0.3093485191930086,-0.30465108995558693,3
-0.30465108995558693,-0.29995366071816537,3
-0.29995366071816537,-0.29525623148074376,3
-0.29525623148074376,-0.29055880224332215,3
-0.29055880224332215,-0.2858613730059006,3
