-0.0685032673832029,-0.06394388467073439,0
-0.06394388467073439,-0.0593845019582659,0
-0.0593845019582659,-0.05482511924579739,0
-0.05482511924579739,-0.05026573653332886,0
0.06371883127838376,0.06827821399085224,1
0.06827821399085224,0.07283759670332077,1
0.07283759670332077,0.07739697941578924,1
0.07739697941578924,0.08195636212825777,1
0.08195636212825777,0.08651574484072627,1
0.08651574484072627,0.09107512755319477,1
0.031803152291104225,0.0363625350035727,2
0.0363625350035727,0.04092191771604123,2
0.04092191771604123,0.04548130042850973,2
0.04548130042850973,0.05004068314097823,2
0.9345609293598682,0.9391203120723366,3
0.9391203120723366,0.9436796947848052,3
0.9436796947848052,0.9482390774972738,3
0.9482390774972738,0.9527984602097421,3
0.2141784607898444,0.2187378435023129,4
0.2187378435023129,0.22329722621478143,4
0.22329722621478143,0.22785660892724993,4
0.22785660892724993,0.2324159916397184,4
0.2324159916397184,0.23697537435218696,4
0.23697537435218696,0.24153475706465544,4
0.24153475706465544,0.24609413977712394,4
0.24609413977712394,0.2506535224895924,4
0.2506535224895924,0.25521290520206097,4
0.25521290520206097,0.25977228791452944,4
0.25977228791452944,0.2643316706269979,4
