0.0010462868399918335,0.0057695621158927735,0
0.0057695621158927735,0.010492837391793741,0
0.010492837391793741,0.015216112667694709,0
0.015216112667694709,0.019939387943595677,0
0.019939387943595677,0.024662663219496644,0
0.053002314874902395,0.057725590150803335,1
0.057725590150803335,0.06244886542670433,1
0.06244886542670433,0.06717214070260527,1
0.06717214070260527,0.07189541597850621,1
0.07189541597850621,0.0766186912544072,1
0.0766186912544072,0.08134196653030815,1
0.08134196653030815,0.08606524180620911,1
0.08606524180620911,0.09078851708211008,1
0.09078851708211008,0.09551179235801102,1
0.9929340947791936,0.9976573700550944,2
0.9976573700550944,1.0023806453309954,2
1.0023806453309954,1.0071039206068964,2
0.23248677535913892,0.23721005063503983,3
0.23721005063503983,0.2419333259109408,3
0.2419333259109408,0.2466566011868418,3
0.2466566011868418,0.25137987646274274,3
0.25137987646274274,0.2561031517386437,3
0.2561031517386437,0.26082642701454467,3
0.26082642701454467,0.2655497022904456,3
0.2655497022904456,0.27027297756634655,3
0.27027297756634655,0.27499625284224755,3
0.27499625284224755,0.2797195281181485,3
0.2797195281181485,0.2844428033940494,3
0.2844428033940494,0.2891660786699504,3
0.2891660786699504,0.2938893539458514,3
0.2938893539458514,0.2986126292217523,3
0.2986126292217523,0.3033359044976533,3
0.3033359044976533,0.3080591797735543,3
0.3080591797735543,0.31278245504945523,3
0.31278245504945523,0.3175057303253562,3
0.3175057303253562,0.32222900560125717,3
0.32222900560125717,0.3269522808771581,3
0.3269522808771581,0.33167555615305905,3
0.33167555615305905,0.33639883142896004,3
0.33639883142896004,0.341122106704861,3
0.341122106704861,0.3458453819807619,3
0.3458453819807619,0.3505686572566629,3
0.3505686572566629,0.35529193253256386,3
0.35529193253256386,0.3600152078084648,3
