-0.7453335814084857,-0.7392445532605053,0
-0.7392445532605053,-0.7331555251125247,0
-0.7331555251125247,-0.7270664969645441,0
-0.7270664969645441,-0.7209774688165634,0
-0.7209774688165634,-0.714888440668583,0
-0.3191016110498458,-0.3130125829018652,1
-0.3130125829018652,-0.3069235547538847,1
-0.3069235547538847,-0.30083452660590415,1
-0.30083452660590415,-0.2947454984579235,1
-0.2947454984579235,-0.28865647030994296,1
-0.28865647030994296,-0.28256744216196245,1
-0.28256744216196245,-0.2764784140139819,1
-0.2764784140139819,-0.27038938586600125,1
-0.27038938586600125,-0.2643003577180207,1
-0.2643003577180207,-0.25821132957004006,1
-0.25821132957004006,-0.25212230142205955,1
-0.25212230142205955,-0.24603327327407898,1
-0.24603327327407898,-0.23994424512609835,1
-0.23994424512609835,-0.23385521697811779,1
-0.23385521697811779,-0.22776618883013727,1
