-0.14285235170274974,-0.13862468953244392,0
-0.13862468953244392,-0.13439702736213804,0
-0.13439702736213804,-0.13016936519183223,0
-0.13016936519183223,-0.12594170302152635,0
-0.12594170302152635,-0.12171404085122053,0
-0.12171404085122053,-0.11748637868091466,0
-0.30773117634467784,-0.30350351417437194,1
-0.30350351417437194,-0.29927585200406615,1
-0.29927585200406615,-0.29504818983376024,1
-0.29504818983376024,-0.29082052766345445,1
-0.29082052766345445,-0.28659286549314855,1
-0.28659286549314855,-0.28236520332284276,1
-0.28236520332284276,-0.27813754115253686,1
-0.27813754115253686,-0.27390987898223107,1
-0.27390987898223107,-0.26968221681192517,1
-0.26968221681192517,-0.2654545546416194,1
-0.2654545546416194,-0.2612268924713135,1
-0.2612268924713135,-0.25699923030100763,1
-0.25699923030100763,-0.2527715681307018,1
-0.2527715681307018,-0.24854390596039594,1
-0.24854390596039594,-0.24431624379009012,1
0.04739244596101341,0.05162010813131926,2
0.05162010813131926,0.05584777030162513,2
0.05584777030162513,0.06007543247193098,2
0.06007543247193098,0.06430309464223682,2
0.06430309464223682,0.06853075681254267,2
0.06853075681254267,0.07275841898284852,2
-0.04561612178571525,-0.041388459615409406,3
-0.041388459615409406,-0.03716079744510356,3
