-0.14469956398010253,-0.14025330738164482,0
-0.14025330738164482,-0.13580705078318717,0
-0.13580705078318717,-0.13136079418472946,0
-0.13136079418472946,-0.12691453758627175,0
-0.12691453758627175,-0.12246828098781405,0
-0.12246828098781405,-0.11802202438935638,0
-0.11802202438935638,-0.11357576779089867,0
-0.11357576779089867,-0.10912951119244096,0
-0.10912951119244096,-0.1046832545939833,0
-0.1046832545939833,-0.1002369979955256,0
-0.1002369979955256,-0.09579074139706789,0
-0.09579074139706789,-0.0913444847986102,0
-0.0913444847986102,-0.08689822820015253,0
-0.08689822820015253,-0.08245197160169482,0
-0.08245197160169482,-0.07800571500323711,0
-0.07800571500323711,-0.07355945840477941,0
-0.07355945840477941,-0.06911320180632174,0
-0.06911320180632174,-0.06466694520786403,0
-0.06466694520786403,-0.06022068860940634,0
-0.06022068860940634,-0.05577443201094866,0
-0.05577443201094866,-0.05132817541249096,0
-0.05132817541249096,-0.04688191881403325,0
0.30437235246412453,0.3088186090625823,1
0.3088186090625823,0.31326486566103995,1
0.31326486566103995,0.3177111222594976,1
0.3177111222594976,0.32215737885795537,1
0.32215737885795537,0.326603635456413,1
0.326603635456413,0.3310498920548707,1
0.14430711491964754,0.1487533715181053,2
0.1487533715181053,0.15319962811656296,2
0.15319962811656296,0.15764588471502064,2
0.15764588471502064,0.16209214131347838,2
0.9757570988312363,0.9802033554296941,3
0.9802033554296941,0.9846496120281518,3
0.9846496120281518,0.9890958686266094,3
0.9890958686266094,0.9935421252250671,3
0.48222261640243236,0.48666887300089007,4
0.48666887300089007,0.49111512959934767,4
0.49111512959934767,0.49556138619780543,4
0.49556138619780543,0.5000076427962632,4
0.5000076427962632,0.5044538993947207,4
0.5044538993947207,0.5089001559931785,4
0.5089001559931785,0.5133464125916363,4
0.5133464125916363,0.5177926691900938,4
0.5177926691900938,0.5222389257885516,4
0.5222389257885516,0.5266851823870093,4
0.5266851823870093,0.5311314389854669,4
0.5311314389854669,0.5355776955839247,4
0.5355776955839247,0.5400239521823824,4
