-0.07304886541329325,-0.06657985931262378,0
-0.06657985931262378,-0.060110853211954196,0
-0.060110853211954196,-0.053641847111284724,0
-0.053641847111284724,-0.04717284101061525,0
-0.04717284101061525,-0.04070383490994578,0
0.11455231150612233,0.1210213176067918,1
0.1210213176067918,0.12749032370746138,1
0.12749032370746138,0.13395932980813086,1
0.13395932980813086,0.14042833590880033,1
0.06280026270076633,0.0692692688014358,2
0.0692692688014358,0.07573827490210538,2
0.9749301228951663,0.9813991289958357,3
0.9813991289958357,0.9878681350965053,3
0.9878681350965053,0.9943371411971749,3
0.9943371411971749,1.0008061472978445,3
0.3021534884255379,0.3086224945262075,4
0.3086224945262075,0.3150915006268769,4
0.3150915006268769,0.32156050672754644,4
0.32156050672754644,0.32802951282821596,4
0.32802951282821596,0.33449851892888544,4
0.33449851892888544,0.34096752502955496,4
0.34096752502955496,0.3474365311302245,4
0.3474365311302245,0.35390553723089396,4
0.35390553723089396,0.3603745433315635,4
0.3603745433315635,0.366843549432233,4
0.366843549432233,0.37331255553290243,4
