-0.6069989485293628,-0.5999846878368407,0
-0.5999846878368407,-0.5929704271443188,0
-0.5929704271443188,-0.5859561664517969,0
-0.5859561664517969,-0.5789419057592751,0
-0.5789419057592751,-0.571927645066753,0
0.8659957969002425,0.8730100575927646,1
0.8730100575927646,0.8800243182852865,1
0.8800243182852865,0.8870385789778084,1
0.8870385789778084,0.8940528396703302,1
0.8940528396703302,0.9010671003628523,1
0.9010671003628523,0.9080813610553742,1
0.13651268487796187,0.1435269455704838,2
0.1435269455704838,0.15054120626300577,2
0.15054120626300577,0.1575554669555277,2
0.1575554669555277,0.16456972764804956,2
0.16456972764804956,0.17158398834057148,2
0.17158398834057148,0.17859824903309351,2
0.17859824903309351,0.18561250972561538,2
0.18561250972561538,0.1926267704181373,2
