-0.8136825333535671,-0.8066490879654884,0
-0.8066490879654884,-0.7996156425774097,0
-0.7996156425774097,-0.792582197189331,0
-0.792582197189331,-0.7855487518012525,0
-0.6378463986515999,-0.6308129532635212,1
-0.6308129532635212,-0.6237795078754425,1
-0.6237795078754425,-0.6167460624873637,1
-0.6167460624873637,-0.6097126170992853,1
-0.6097126170992853,-0.6026791717112066,1
-0.6026791717112066,-0.5956457263231278,1
-0.5956457263231278,-0.5886122809350491,1
-0.5886122809350491,-0.5815788355469704,1
-0.5815788355469704,-0.5745453901588917,1
-0.5745453901588917,-0.567511944770813,1
-0.567511944770813,-0.5604784993827343,1
-0.5604784993827343,-0.5534450539946556,1
-0.5534450539946556,-0.5464116086065769,1
-0.5464116086065769,-0.5393781632184982,1
0.7477423427999019,0.7547757881879806,2
0.7547757881879806,0.7618092335760593,2
0.7618092335760593,0.768842678964138,2
0.768842678964138,0.7758761243522168,2
0.7758761243522168,0.7829095697402955,2
-0.4057427008450032,-0.3987092554569245,3
-0.3987092554569245,-0.3916758100688458,3
-0.3916758100688458,-0.38464236468076707,3
-0.38464236468076707,-0.37760891929268836,3
-0.37760891929268836,-0.37057547390460965,3
-0.37057547390460965,-0.363542028516531,3
-0.363542028516531,-0.3565085831284523,3
-0.3565085831284523,-0.3494751377403736,3
-0.3494751377403736,-0.342441692352295,3
-0.342441692352295,-0.3354082469642163,3
