-0.6154564665816724,-0.6090599019359797,0
-0.6090599019359797,-0.602663337290287,0
-0.602663337290287,-0.5962667726445943,0
-0.5962667726445943,-0.5898702079989016,0
-0.5898702079989016,-0.5834736433532088,0
0.7853911908250302,0.7917877554707229,1
0.7917877554707229,0.7981843201164156,1
0.7981843201164156,0.8045808847621083,1
0.8045808847621083,0.810977449407801,1
0.810977449407801,0.8173740140534937,1
0.8173740140534937,0.8237705786991865,1
-0.19967976461164655,-0.1932831999659539,2
-0.1932831999659539,-0.18688663532026117,2
-0.18688663532026117,-0.18049007067456846,2
-0.18049007067456846,-0.17409350602887574,2
-0.17409350602887574,-0.16769694138318303,2
-0.16769694138318303,-0.16130037673749031,2
-0.16130037673749031,-0.1549038120917976,2
-0.1549038120917976,-0.14850724744610488,2
-0.14850724744610488,-0.14211068280041217,2
-0.14211068280041217,-0.13571411815471945,2
-0.13571411815471945,-0.12931755350902674,2
-0.12931755350902674,-0.12292098886333402,2
-0.12292098886333402,-0.11652442421764131,2
-0.11652442421764131,-0.1101278595719487,2
-0.1101278595719487,-0.10373129492625599,2
-0.10373129492625599,-0.09733473028056328,2
-0.09733473028056328,-0.09093816563487056,2
-0.09093816563487056,-0.08454160098917785,2
-0.08454160098917785,-0.07814503634348513,2
-0.07814503634348513,-0.07174847169779242,2
-0.07174847169779242,-0.0653519070520997,2
-0.0653519070520997,-0.058955342406406985,2
-0.058955342406406985,-0.05255877776071427,2
-0.05255877776071427,-0.046162213115021555,2
-0.046162213115021555,-0.03976564846932884,2
-0.03976564846932884,-0.033369083823636125,2
-0.033369083823636125,-0.02697251917794352,2
-0.02697251917794352,-0.020575954532250806,2
-0.020575954532250806,-0.014179389886558091,2
-0.014179389886558091,-0.007782825240865376,2
