0.09773426853120326,0.10206536352634432,0
0.10206536352634432,0.1063964585214853,0
0.1063964585214853,0.11072755351662633,0
0.11072755351662633,0.11505864851176739,0
0.11505864851176739,0.11938974350690842,0
0.11938974350690842,0.12372083850204943,0
0.12372083850204943,0.12805193349719046,0
0.12805193349719046,0.13238302849233152,0
0.13238302849233152,0.1367141234874725,0
0.1367141234874725,0.14104521848261353,0
0.14104521848261353,0.1453763134777546,0
0.1453763134777546,0.14970740847289563,0
0.14970740847289563,0.15403850346803663,0
0.15403850346803663,0.15836959846317766,0
