-0.4520333433151245,-0.44695294396020474,0
-0.44695294396020474,-0.44187254460528497,0
-0.44187254460528497,-0.4367921452503652,0
-0.4367921452503652,-0.4317117458954453,0
-0.4317117458954453,-0.42663134654052554,0
0.5894485244434327,0.5945289237983524,1
0.5945289237983524,0.5996093231532722,1
0.5996093231532722,0.604689722508192,1
0.604689722508192,0.6097701218631117,1
0.21349897217936809,0.21857937153428791,2
0.21857937153428791,0.22365977088920772,2
0.22365977088920772,0.2287401702441275,2
0.2287401702441275,0.23382056959904726,2
0.23382056959904726,0.23890096895396706,2
0.23890096895396706,0.24398136830888684,2
0.24398136830888684,0.24906176766380667,2
0.24906176766380667,0.2541421670187265,2
0.2541421670187265,0.25922256637364627,2
0.25922256637364627,0.26430296572856604,2
0.26430296572856604,0.2693833650834858,2
