-0.8209093713760376,-0.8141134400758891,0
-0.8141134400758891,-0.8073175087757409,0
-0.8073175087757409,-0.8005215774755925,0
-0.8005215774755925,-0.793725646175444,0
-0.793725646175444,-0.7869297148752958,0
-0.7869297148752958,-0.7801337835751474,0
0.6606036520563066,0.667399583356455,1
0.667399583356455,0.6741955146566034,1
0.6741955146566034,0.6809914459567517,1
0.6809914459567517,0.6877873772569001,1
0.6877873772569001,0.6945833085570485,1
0.6945833085570485,0.7013792398571967,1
0.5314809573534875,0.538276888653636,2
0.538276888653636,0.5450728199537844,2
0.5450728199537844,0.5518687512539326,2
0.5518687512539326,0.5586646825540811,2
0.5586646825540811,0.5654606138542295,2
0.5654606138542295,0.5722565451543777,2
0.5722565451543777,0.5790524764545262,2
0.12372507934458554,0.13052101064473387,3
0.13052101064473387,0.1373169419448823,3
0.1373169419448823,0.1441128732450307,3
0.1441128732450307,0.15090880454517897,3
0.15090880454517897,0.1577047358453274,3
0.1577047358453274,0.1645006671454758,3
0.1645006671454758,0.17129659844562406,3
0.17129659844562406,0.1780925297457725,3
