-0.6740589663386346,-0.6676628911495209,0
-0.6676628911495209,-0.6612668159604073,0
-0.6612668159604073,-0.6548707407712936,0
-0.6548707407712936,-0.6484746655821801,0
-0.6484746655821801,-0.6420785903930665,0
-0.6420785903930665,-0.6356825152039528,0
-0.6356825152039528,-0.6292864400148391,0
-0.6292864400148391,-0.6228903648257257,0
-0.6228903648257257,-0.616494289636612,0
0.5028188684582711,0.5092149436473846,1
0.5092149436473846,0.5156110188364983,1
0.5156110188364983,0.522007094025612,1
0.522007094025612,0.5284031692147255,1
0.2981444624066353,0.30454053759574895,2
0.30454053759574895,0.31093661278486256,2
0.31093661278486256,0.3173326879739761,2
0.3173326879739761,0.32372876316308974,2
0.32372876316308974,0.3301248383522034,2
0.3301248383522034,0.336520913541317,2
0.336520913541317,0.3429169887304306,2
0.3429169887304306,0.3493130639195442,2
0.3493130639195442,0.35570913910865787,2
0.35570913910865787,0.36210521429777154,2
0.36210521429777154,0.36850128948688504,2
0.7586618760228158,0.7650579512119294,3
0.7650579512119294,0.7714540264010429,3
0.7714540264010429,0.7778501015901566,3
0.7778501015901566,0.7842461767792702,3
0.7842461767792702,0.7906422519683839,3
0.5475913947820664,0.55398746997118,4
0.55398746997118,0.5603835451602935,4
0.5603835451602935,0.5667796203494072,4
0.5667796203494072,0.5731756955385209,4
