-0.7725893185846509,-0.766276868591085,0
-0.766276868591085,-0.7599644185975194,0
-0.7599644185975194,-0.7536519686039538,0
-0.7536519686039538,-0.7473395186103882,0
-0.7473395186103882,-0.7410270686168223,0
-0.7410270686168223,-0.7347146186232567,0
0.6413994799740612,0.647711929967627,1
0.647711929967627,0.6540243799611927,1
0.6540243799611927,0.6603368299547583,1
0.6603368299547583,0.6666492799483239,1
0.6666492799483239,0.6729617299418897,1
0.6729617299418897,0.6792741799354554,1
-0.38121741898357864,-0.374904968990013,2
-0.374904968990013,-0.3685925189964474,2
-0.3685925189964474,-0.3622800690028816,2
-0.3622800690028816,-0.35596761900931595,2
-0.35596761900931595,-0.34965516901575033,2
-0.34965516901575033,-0.34334271902218466,2
-0.34334271902218466,-0.33703026902861893,2
-0.33703026902861893,-0.33071781903505326,2
-0.33071781903505326,-0.3244053690414876,2
