-0.8329189896583558,-0.826878292299807,0
-0.826878292299807,-0.8208375949412585,0
-0.8208375949412585,-0.8147968975827098,0
-0.8147968975827098,-0.8087562002241613,0
-0.8087562002241613,-0.8027155028656126,0
-0.8027155028656126,-0.7966748055070638,0
0.5262379160150885,0.5322786133736372,1
0.5322786133736372,0.538319310732186,1
0.538319310732186,0.5443600080907345,1
0.5443600080907345,0.5504007054492832,1
0.5504007054492832,0.5564414028078317,1
0.3993832714855672,0.4054239688441157,2
0.4054239688441157,0.4114646662026644,2
0.4114646662026644,0.4175053635612131,2
0.4175053635612131,0.42354606091976166,2
0.42354606091976166,0.4295867582783104,2
0.4295867582783104,0.4356274556368589,2
0.4356274556368589,0.4416681529954076,2
0.4416681529954076,0.4477088503539563,2
0.4477088503539563,0.45374954771250486,2
0.07318561412394042,0.07922631148248915,3
0.07922631148248915,0.08526700884103777,3
0.08526700884103777,0.09130770619958639,3
0.09130770619958639,0.09734840355813501,3
0.09734840355813501,0.10338910091668363,3
0.10338910091668363,0.10942979827523236,3
0.10942979827523236,0.11547049563378098,3
0.11547049563378098,0.1215111929923296,3
0.1215111929923296,0.12755189035087822,3
0.12755189035087822,0.13359258770942684,3
0.13359258770942684,0.13963328506797557,3
0.13963328506797557,0.14567398242652418,3
0.14567398242652418,0.1517146797850728,3
