0.015445190680329686,0.019425769647641575,0
0.019425769647641575,0.023406348614953457,0
0.023406348614953457,0.02738692758226534,0
0.02738692758226534,0.03136750654957722,0
0.03136750654957722,0.03534808551688911,0
0.03534808551688911,0.03932866448420099,0
0.15476545453624568,0.15874603350355754,1
0.15874603350355754,0.16272661247086945,1
0.16272661247086945,0.16670719143818133,1
0.16670719143818133,0.1706877704054932,1
0.1706877704054932,0.1746683493728051,1
0.1746683493728051,0.17864892834011697,1
0.17864892834011697,0.18262950730742888,1
0.18262950730742888,0.18661008627474074,1
0.5846679830059294,0.5886485619732411,2
0.5886485619732411,0.5926291409405531,2
0.5926291409405531,0.5966097199078649,2
0.5966097199078649,0.6005902988751768,2
0.6005902988751768,0.6045708778424888,2
0.6045708778424888,0.6085514568098005,2
0.6085514568098005,0.6125320357771125,2
0.6125320357771125,0.6165126147444244,2
0.6165126147444244,0.6204931937117362,2
0.6204931937117362,0.6244737726790481,2
0.6244737726790481,0.6284543516463601,2
0.6284543516463601,0.6324349306136718,2
0.6324349306136718,0.6364155095809838,2
0.38165845567302314,0.385639034640335,3
0.385639034640335,0.38961961360764685,3
0.38961961360764685,0.3936001925749588,3
0.3936001925749588,0.3975807715422707,3
0.3975807715422707,0.4015613505095825,3
0.4015613505095825,0.4055419294768945,3
0.4055419294768945,0.40952250844420635,3
0.40952250844420635,0.4135030874115182,3
0.4135030874115182,0.41748366637883005,3
0.41748366637883005,0.421464245346142,3
0.421464245346142,0.4254448243134539,3
0.8314638789792661,0.8354444579465781,4
0.8354444579465781,0.83942503691389,4
0.83942503691389,0.8434056158812018,4
