-1.0029462742805482,-0.9983753031399101,0
-0.9983753031399101,-0.9938043319992722,0
-0.1253198152780533,-0.12074884413741532,1
-0.12074884413741532,-0.11617787299677734,1
-0.11617787299677734,-0.11160690185613933,1
-0.5869879004824907,-0.5824169293418526,2
-0.5824169293418526,-0.5778459582012148,2
-0.5778459582012148,-0.5732749870605767,2
-0.5732749870605767,-0.5687040159199388,2
-0.5687040159199388,-0.5641330447793007,2
-0.5641330447793007,-0.5595620736386627,2
-0.5595620736386627,-0.5549911024980247,2
-0.5549911024980247,-0.5504201313573868,2
-0.006474565621465478,-0.0019035944808274696,3
-0.0019035944808274696,0.002667376659810511,3
0.002667376659810511,0.007238347800448519,3
0.007238347800448519,0.011809318941086527,3
-0.10246495957486335,-0.09789398843422534,4
-0.09789398843422534,-0.09332301729358736,4
