-0.25575584928505124,-0.24977903908118604,0
-0.24977903908118604,-0.24380222887732086,0
-0.24380222887732086,-0.23782541867345572,0
-0.23782541867345572,-0.23184860846959054,0
-0.23184860846959054,-0.22587179826572534,0
-0.22587179826572534,-0.21989498806186017,0
-0.21989498806186017,-0.21391817785799505,0
-0.21391817785799505,-0.20794136765412985,0
-0.20794136765412985,-0.20196455745026468,0
-0.20196455745026468,-0.19598774724639953,0
-0.19598774724639953,-0.19001093704253436,0
-0.19001093704253436,-0.18403412683866915,0
