-0.5249239566270261,-0.5183596855960786,0
-0.5183596855960786,-0.5117954145651311,0
-0.5117954145651311,-0.5052311435341834,0
-0.5052311435341834,-0.49866687250323594,0
0.9389084832742809,0.9454727543052286,1
0.9454727543052286,0.9520370253361761,1
0.9520370253361761,0.9586012963671238,1
0.9586012963671238,0.9651655673980712,1
0.17745304368436332,0.18401731471531096,2
0.18401731471531096,0.1905815857462585,2
0.1905815857462585,0.19714585677720603,2
0.19714585677720603,0.20371012780815367,2
0.20371012780815367,0.21027439883910115,2
0.21027439883910115,0.2168386698700488,2
0.2168386698700488,0.22340294090099633,2
0.22340294090099633,0.22996721193194386,2
0.22996721193194386,0.2365314829628915,2
0.2365314829628915,0.24309575399383898,2
