-0.35906865119934084,-0.3537072262912989,0
-0.3537072262912989,-0.3483458013832569,0
-0.3483458013832569,-0.34298437647521496,0
-0.34298437647521496,-0.33762295156717304,0
-0.33762295156717304,-0.3322615266591311,0
0.8258062534779311,0.8311676783859729,1
0.8311676783859729,0.836529103294015,1
0.836529103294015,0.841890528202057,1
0.841890528202057,0.8472519531100988,1
0.8472519531100988,0.8526133780181409,1
0.600626407340169,0.6059878322482108,2
0.6059878322482108,0.6113492571562529,2
0.6113492571562529,0.6167106820642949,2
0.6167106820642949,0.6220721069723367,2
0.6220721069723367,0.6274335318803788,2
0.6274335318803788,0.6327949567884208,2
0.6327949567884208,0.6381563816964626,2
0.6381563816964626,0.6435178066045046,2
0.6435178066045046,0.6488792315125465,2
0.6488792315125465,0.6542406564205885,2
0.6542406564205885,0.6596020813286305,2
0.40761511065065864,0.4129765355587005,3
0.4129765355587005,0.41833796046674254,3
0.41833796046674254,0.4236993853747845,3
0.4236993853747845,0.4290608102828264,3
0.4290608102828264,0.4344222351908684,3
0.4344222351908684,0.4397836600989103,3
0.4397836600989103,0.44514508500695227,3
0.44514508500695227,0.4505065099149943,3
0.4505065099149943,0.45586793482303617,3
0.45586793482303617,0.46122935973107815,3
0.46122935973107815,0.4665907846391202,3
