-0.8356955330073834,-0.8281013089604676,0
-0.8281013089604676,-0.8205070849135518,0
-0.8205070849135518,-0.8129128608666361,0
-0.8129128608666361,-0.8053186368197203,0
-0.8053186368197203,-0.7977244127728045,0
0.873004877548665,0.8805991015955805,1
0.8805991015955805,0.8881933256424963,1
0.8881933256424963,0.8957875496894121,1
0.8957875496894121,0.9033817737363279,1
0.9033817737363279,0.9109759977832437,1
0.9109759977832437,0.9185702218301595,1
-0.09905580045655366,-0.09146157640963798,2
-0.09146157640963798,-0.08386735236272219,2
-0.08386735236272219,-0.0762731283158064,2
-0.0762731283158064,-0.06867890426889067,2
-0.06867890426889067,-0.061084680221974885,2
-0.061084680221974885,-0.0534904561750591,2
-0.0534904561750591,-0.04589623212814331,2
-0.04589623212814331,-0.03830200808122752,2
-0.03830200808122752,-0.030707784034311736,2
