-1.0061496210191399,-1.0009712577052414,0
-1.0009712577052414,-0.995792894391343,0
-0.995792894391343,-0.9906145310774446,0
0.04505813170224432,0.050236495016142746,1
0.050236495016142746,0.05541485833004117,1
0.05541485833004117,0.060593221643939627,1
0.060593221643939627,0.06577158495783805,1
0.06577158495783805,0.07094994827173648,1
-0.09475767777301367,-0.08957931445911524,2
-0.08957931445911524,-0.08440095114521681,2
-0.08440095114521681,-0.07922258783131836,2
-0.07922258783131836,-0.07404422451741993,2
-0.07404422451741993,-0.0688658612035215,2
-0.0688658612035215,-0.063687497889623,2
-0.25528694050386547,-0.25010857718996704,3
-0.25010857718996704,-0.2449302138760686,3
-0.2449302138760686,-0.23975185056217013,3
-0.23975185056217013,-0.2345734872482717,3
-0.2345734872482717,-0.22939512393437322,3
-0.22939512393437322,-0.22421676062047477,3
-0.22421676062047477,-0.21903839730657634,3
-0.21903839730657634,-0.21386003399267792,3
-0.21386003399267792,-0.20868167067877946,3
-0.20868167067877946,-0.20350330736488104,3
-0.20350330736488104,-0.19832494405098255,3
-0.19832494405098255,-0.1931465807370841,3
-0.1931465807370841,-0.18796821742318567,3
-0.18796821742318567,-0.18278985410928725,3
-0.18278985410928725,-0.1776114907953888,3
-0.1776114907953888,-0.17243312748149037,3
-0.17243312748149037,-0.16725476416759194,3
-0.16725476416759194,-0.16207640085369343,3
