-0.049514081329107285,-0.044480301439762115,0
-0.044480301439762115,-0.039446521550416946,0
-0.039446521550416946,-0.03441274166107178,0
-0.03441274166107178,-0.02937896177172661,0
0.17197223380208015,0.17700601369142532,1
0.17700601369142532,0.1820397935807705,1
0.1820397935807705,0.18707357347011566,1
0.18707357347011566,0.19210735335946083,1
0.07129663601517677,0.07633041590452194,2
0.07633041590452194,0.08136419579386711,2
0.08136419579386711,0.08639797568321228,2
0.9924783557653427,0.9975121356546879,3
0.9975121356546879,1.002545915544033,3
1.002545915544033,1.0075796954333782,3
0.41862744837999344,0.4236612282693386,4
0.4236612282693386,0.4286950081586838,4
0.4286950081586838,0.43372878804802895,4
0.43372878804802895,0.4387625679373741,4
0.4387625679373741,0.4437963478267193,4
0.4437963478267193,0.44883012771606445,4
0.44883012771606445,0.4538639076054096,4
0.4538639076054096,0.4588976874947548,4
0.4588976874947548,0.46393146738409996,4
0.46393146738409996,0.46896524727344513,4
