0.21430998641997578,0.21936227013356982,0
0.21936227013356982,0.2244145538471639,0
0.2244145538471639,0.229466837560758,0
-0.03325191554613416,-0.02819963183254004,1
-0.02819963183254004,-0.02314734811894592,1
-0.02314734811894592,-0.018095064405351913,1
-0.018095064405351913,-0.013042780691757794,1
-0.013042780691757794,-0.007990496978163675,1
-0.007990496978163675,-0.002938213264569667,1
-0.002938213264569667,0.002114070449024452,1
0.002114070449024452,0.007166354162618571,1
0.007166354162618571,0.012218637876212579,1
0.012218637876212579,0.017270921589806698,1
0.017270921589806698,0.022323205303400706,1
0.022323205303400706,0.027375489016994825,1
0.027375489016994825,0.032427772730588944,1
0.032427772730588944,0.03748005644418295,1
0.03748005644418295,0.04253234015777707,1
0.04253234015777707,0.04758462387137119,1
0.04758462387137119,0.0526369075849652,1
0.0526369075849652,0.05768919129855932,1
0.05768919129855932,0.06274147501215341,1
0.06274147501215341,0.06779375872574744,1
0.06779375872574744,0.07284604243934156,1
-0.1595590083859861,-0.15450672467239202,2
-0.15450672467239202,-0.14945444095879792,2
-0.14945444095879792,-0.14440215724520386,2
-0.14440215724520386,-0.13934987353160977,2
-0.13934987353160977,-0.13429758981801568,2
-0.13429758981801568,-0.12924530610442164,2
-0.12924530610442164,-0.12419302239082752,2
-0.12419302239082752,-0.11914073867723343,2
-0.11914073867723343,-0.1140884549636394,2
-0.1140884549636394,-0.10903617125004528,2
-0.10903617125004528,-0.10398388753645127,2
-0.10398388753645127,-0.09893160382285715,2
-0.09893160382285715,-0.09387932010926303,2
-0.09387932010926303,-0.08882703639566902,2
-0.08882703639566902,-0.0837747526820749,2
-0.0837747526820749,-0.07872246896848079,2
-0.07872246896848079,-0.07367018525488678,2
