-0.7735946401953697,-0.7673130072653294,0
-0.7673130072653294,-0.761031374335289,0
-0.761031374335289,-0.7547497414052486,0
-0.7547497414052486,-0.7484681084752083,0
-0.7484681084752083,-0.7421864755451679,0
0.514140110462904,0.5204217433929443,1
0.5204217433929443,0.5267033763229847,1
0.5267033763229847,0.532985009253025,1
0.532985009253025,0.5392666421830654,1
0.5392666421830654,0.5455482751131058,1
0.5455482751131058,0.5518299080431461,1
0.2628747932612896,0.26915642619132996,2
0.26915642619132996,0.2754380591213703,2
0.2754380591213703,0.2817196920514107,2
0.2817196920514107,0.28800132498145103,2
0.28800132498145103,0.2942829579114914,2
0.2942829579114914,0.30056459084153175,2
0.30056459084153175,0.3068462237715721,2
0.3068462237715721,0.3131278567016125,2
0.3131278567016125,0.31940948963165283,2
-0.05120685324072838,-0.04492522031068802,3
-0.04492522031068802,-0.03864358738064766,3
-0.03864358738064766,-0.0323619544506073,3
-0.0323619544506073,-0.02608032152056694,3
-0.02608032152056694,-0.01979868859052658,3
-0.01979868859052658,-0.013517055660486221,3
-0.013517055660486221,-0.007235422730445862,3
-0.007235422730445862,-0.0009537898004055023,3
-0.0009537898004055023,0.005327843129634857,3
