-0.02941149961669,-0.024928438784554613,0
-0.024928438784554613,-0.02044537795241924,0
-0.02044537795241924,-0.015962317120283856,0
-0.015962317120283856,-0.01147925628814847,0
0.9837602484459056,0.9882433092780409,1
0.9882433092780409,0.9927263701101765,1
0.9927263701101765,0.9972094309423118,1
0.9972094309423118,1.0016924917744472,1
0.23508908947929735,0.23957215031143275,2
0.23957215031143275,0.24405521114356812,2
0.24405521114356812,0.2485382719757035,2
0.2485382719757035,0.2530213328078389,2
0.2530213328078389,0.25750439363997424,2
